11 0.425 0.492 0.125 0.865
13 0.214 0.129 0.022 0.085
13 0.307 0.223 0.013 0.028
11 0.613 0.475 0.154 0.772
11 0.786 0.470 0.115 0.765
11 0.930 0.463 0.102 0.764
11 0.516 0.122 0.028 0.049
13 0.426 0.831 0.021 0.065
13 0.441 0.879 0.043 0.014
13 0.446 0.912 0.070 0.019
13 0.424 0.756 0.018 0.050
13 0.440 0.736 0.010 0.026
13 0.428 0.654 0.024 0.029
13 0.427 0.694 0.025 0.029
13 0.383 0.586 0.025 0.089
13 0.426 0.522 0.016 0.054
13 0.431 0.377 0.021 0.074
13 0.429 0.298 0.020 0.064
13 0.378 0.232 0.022 0.094
13 0.434 0.211 0.026 0.079
13 0.583 0.111 0.041 0.013
13 0.655 0.111 0.040 0.011
13 0.652 0.131 0.051 0.015
13 0.586 0.129 0.039 0.010
13 0.584 0.154 0.048 0.011
13 0.658 0.154 0.049 0.015
13 0.584 0.181 0.056 0.019
13 0.659 0.179 0.030 0.010
13 0.588 0.206 0.046 0.015
13 0.658 0.207 0.041 0.014
13 0.583 0.233 0.052 0.018
13 0.659 0.229 0.046 0.015
13 0.576 0.261 0.077 0.024
13 0.658 0.261 0.049 0.016
13 0.574 0.289 0.075 0.026
13 0.589 0.318 0.048 0.013
13 0.659 0.337 0.048 0.014
13 0.586 0.341 0.060 0.016
13 0.584 0.396 0.062 0.019
13 0.660 0.369 0.040 0.014
13 0.654 0.393 0.040 0.014
13 0.590 0.450 0.052 0.015
13 0.659 0.447 0.048 0.014
13 0.583 0.478 0.066 0.016
13 0.586 0.506 0.065 0.020
13 0.582 0.534 0.074 0.021
13 0.585 0.561 0.070 0.022
13 0.658 0.506 0.031 0.013
13 0.668 0.594 0.029 0.011
13 0.660 0.616 0.043 0.015
13 0.662 0.641 0.034 0.016
13 0.662 0.667 0.052 0.015
13 0.663 0.698 0.026 0.011
13 0.663 0.719 0.049 0.014
13 0.662 0.751 0.050 0.018
13 0.591 0.588 0.045 0.018
13 0.585 0.618 0.072 0.025
13 0.592 0.644 0.046 0.014
13 0.593 0.671 0.045 0.016
13 0.586 0.695 0.062 0.020
13 0.591 0.722 0.050 0.016
13 0.593 0.751 0.054 0.018
13 0.586 0.805 0.069 0.025
13 0.664 0.803 0.046 0.019
13 0.569 0.827 0.030 0.011
13 0.593 0.848 0.068 0.022
13 0.664 0.843 0.045 0.014
13 0.676 0.823 0.028 0.009
13 0.795 0.841 0.085 0.019
13 0.766 0.773 0.035 0.014
13 0.767 0.755 0.028 0.010
13 0.823 0.775 0.035 0.013
13 0.909 0.797 0.049 0.015
13 0.914 0.830 0.062 0.020
13 0.956 0.785 0.011 0.028
13 0.955 0.751 0.013 0.024
13 0.954 0.687 0.014 0.024
13 0.953 0.716 0.011 0.025
13 0.916 0.725 0.034 0.013
13 0.911 0.749 0.048 0.018
13 0.912 0.769 0.033 0.010
13 0.921 0.778 0.025 0.009
13 0.908 0.532 0.041 0.010
13 0.951 0.544 0.010 0.022
13 0.954 0.581 0.013 0.026
13 0.954 0.613 0.013 0.024
13 0.911 0.561 0.043 0.014
13 0.910 0.580 0.035 0.013
13 0.916 0.609 0.030 0.013
13 0.913 0.630 0.036 0.013
13 0.908 0.656 0.041 0.014
13 0.907 0.679 0.043 0.014
13 0.913 0.705 0.034 0.013
13 0.762 0.658 0.041 0.016
13 0.761 0.681 0.039 0.014
13 0.818 0.659 0.041 0.015
13 0.818 0.679 0.034 0.010
13 0.819 0.704 0.043 0.016
13 0.759 0.537 0.041 0.018
13 0.761 0.589 0.034 0.014
13 0.760 0.634 0.048 0.019
13 0.823 0.613 0.037 0.013
13 0.816 0.629 0.034 0.011
13 0.818 0.537 0.048 0.016
13 0.760 0.490 0.037 0.013
13 0.761 0.513 0.039 0.016
13 0.818 0.515 0.033 0.013
13 0.815 0.467 0.030 0.011
13 0.757 0.416 0.044 0.015
13 0.758 0.439 0.041 0.016
13 0.812 0.371 0.026 0.010
13 0.761 0.321 0.046 0.013
13 0.817 0.319 0.031 0.009
13 0.756 0.344 0.040 0.013
13 0.758 0.368 0.046 0.016
13 0.759 0.390 0.045 0.013
13 0.752 0.109 0.031 0.010
13 0.757 0.136 0.033 0.011
13 0.810 0.134 0.028 0.011
13 0.814 0.158 0.043 0.015
13 0.755 0.156 0.040 0.015
13 0.764 0.177 0.030 0.011
13 0.754 0.199 0.041 0.016
13 0.756 0.248 0.039 0.011
13 0.815 0.247 0.040 0.014
13 0.766 0.266 0.020 0.011
13 0.814 0.273 0.039 0.014
13 0.964 0.089 0.022 0.009
13 0.909 0.110 0.031 0.013
13 0.959 0.105 0.026 0.010
13 0.959 0.127 0.031 0.014
13 0.908 0.132 0.034 0.011
13 0.960 0.177 0.030 0.011
13 0.906 0.177 0.049 0.016
13 0.907 0.247 0.034 0.014
13 0.964 0.268 0.030 0.014
13 0.906 0.311 0.046 0.016
13 0.963 0.313 0.031 0.014
13 0.908 0.333 0.031 0.014
13 0.964 0.333 0.028 0.010
13 0.911 0.385 0.030 0.013
13 0.965 0.385 0.028 0.010
13 0.907 0.414 0.035 0.011
13 0.910 0.432 0.028 0.011
13 0.910 0.463 0.040 0.011
13 0.953 0.449 0.010 0.026
13 0.952 0.479 0.011 0.024
13 0.758 0.275 0.026 0.013
13 0.426 0.449 0.018 0.060