13 0.930 0.177 0.020 0.061
13 0.829 0.136 0.016 0.045
11 0.412 0.349 0.385 0.165
11 0.360 0.549 0.417 0.125
11 0.374 0.736 0.409 0.133
18 0.133 0.698 0.021 0.009
18 0.131 0.662 0.022 0.013
18 0.128 0.559 0.029 0.014
18 0.125 0.512 0.025 0.013
18 0.028 0.612 0.029 0.014
18 0.195 0.347 0.030 0.013
13 0.590 0.359 0.033 0.100
13 0.549 0.309 0.026 0.080
13 0.559 0.383 0.018 0.040
13 0.480 0.387 0.035 0.044
13 0.525 0.380 0.015 0.030
13 0.492 0.318 0.020 0.071
13 0.459 0.324 0.021 0.061
13 0.413 0.399 0.019 0.055
13 0.384 0.403 0.021 0.058
13 0.369 0.349 0.033 0.025
13 0.306 0.404 0.022 0.049
13 0.256 0.390 0.011 0.025
13 0.442 0.532 0.019 0.043
13 0.495 0.523 0.020 0.054
13 0.526 0.517 0.022 0.066
13 0.364 0.589 0.016 0.036
13 0.421 0.584 0.011 0.031
13 0.565 0.735 0.025 0.085
13 0.534 0.757 0.025 0.079
13 0.504 0.762 0.030 0.083
13 0.474 0.756 0.026 0.062
13 0.417 0.759 0.025 0.064
13 0.391 0.759 0.028 0.077
13 0.467 0.691 0.014 0.036
13 0.431 0.690 0.011 0.035
13 0.486 0.586 0.018 0.039
13 0.509 0.587 0.014 0.039
13 0.557 0.552 0.021 0.091
13 0.362 0.529 0.021 0.060
13 0.339 0.533 0.018 0.051
13 0.176 0.532 0.026 0.064
13 0.204 0.535 0.019 0.052
13 0.255 0.534 0.018 0.058
13 0.303 0.593 0.014 0.033
13 0.266 0.597 0.011 0.029
13 0.171 0.598 0.009 0.025
13 0.244 0.697 0.016 0.046
13 0.208 0.697 0.016 0.041
13 0.337 0.758 0.026 0.064
13 0.281 0.759 0.024 0.065
13 0.229 0.759 0.021 0.056
13 0.257 0.766 0.024 0.064
13 0.282 0.701 0.014 0.030
13 0.338 0.696 0.013 0.036
13 0.401 0.590 0.015 0.040
13 0.261 0.703 0.013 0.030
13 0.300 0.695 0.015 0.043
13 0.449 0.694 0.015 0.035
13 0.486 0.692 0.013 0.034
13 0.381 0.588 0.015 0.035
13 0.466 0.530 0.016 0.048
13 0.436 0.393 0.019 0.046
13 0.273 0.406 0.014 0.033
13 0.054 0.753 0.024 0.061
13 0.075 0.756 0.018 0.055
13 0.033 0.295 0.029 0.072
13 0.072 0.289 0.022 0.062
13 0.102 0.291 0.025 0.056
13 0.217 0.295 0.022 0.050