11 0.669 0.674 0.329 0.190
11 0.442 0.548 0.209 0.559
11 0.149 0.639 0.296 0.062
11 0.158 0.716 0.314 0.077
11 0.183 0.531 0.314 0.077
11 0.286 0.212 0.289 0.110
11 0.304 0.153 0.329 0.106
11 0.726 0.890 0.347 0.188
11 0.621 0.931 0.221 0.138
11 0.188 0.921 0.374 0.086
11 0.329 0.983 0.061 0.035
11 0.231 0.334 0.321 0.116
11 0.204 0.432 0.318 0.114
11 0.329 0.049 0.280 0.043
13 0.474 0.289 0.026 0.035
13 0.462 0.333 0.026 0.034
13 0.526 0.291 0.039 0.018
13 0.516 0.328 0.041 0.020
13 0.449 0.406 0.024 0.029
13 0.400 0.551 0.025 0.033
13 0.432 0.618 0.034 0.018
13 0.411 0.683 0.037 0.019
13 0.381 0.789 0.039 0.022
13 0.593 0.597 0.048 0.034
13 0.579 0.624 0.049 0.031
13 0.527 0.738 0.049 0.035
13 0.604 0.729 0.039 0.062
13 0.637 0.657 0.033 0.046
13 0.285 0.642 0.028 0.040
13 0.386 0.767 0.039 0.020
13 0.393 0.746 0.037 0.022
13 0.387 0.592 0.026 0.029
13 0.568 0.639 0.030 0.025
13 0.559 0.659 0.046 0.033
13 0.553 0.674 0.041 0.026