11 0.713 0.085 0.225 0.158
11 0.754 0.246 0.136 0.040
11 0.598 0.434 0.436 0.177
11 0.603 0.749 0.407 0.236
18 0.817 0.624 0.011 0.025
18 0.820 0.657 0.007 0.020
18 0.834 0.684 0.009 0.021
18 0.854 0.771 0.010 0.026
13 0.752 0.954 0.020 0.076
13 0.199 0.737 0.029 0.024
13 0.426 0.683 0.021 0.094
13 0.428 0.810 0.031 0.117
13 0.464 0.808 0.029 0.104
13 0.569 0.798 0.030 0.086
13 0.599 0.794 0.022 0.077
13 0.632 0.796 0.028 0.089
13 0.659 0.797 0.028 0.090
13 0.691 0.794 0.022 0.079
13 0.723 0.776 0.015 0.054
13 0.749 0.773 0.016 0.034
13 0.786 0.786 0.019 0.055
13 0.496 0.688 0.028 0.076
13 0.527 0.691 0.025 0.069
13 0.559 0.687 0.026 0.074
13 0.591 0.683 0.025 0.089
13 0.622 0.683 0.026 0.084
13 0.654 0.686 0.022 0.081
13 0.683 0.684 0.026 0.081
13 0.741 0.680 0.029 0.087
13 0.779 0.689 0.037 0.072
13 0.393 0.394 0.034 0.086
13 0.493 0.376 0.016 0.045
13 0.522 0.375 0.020 0.055
13 0.472 0.477 0.033 0.094
13 0.509 0.476 0.029 0.091
13 0.542 0.473 0.024 0.089
13 0.573 0.474 0.025 0.090
13 0.604 0.477 0.028 0.094
13 0.637 0.476 0.026 0.091
13 0.666 0.468 0.024 0.075
13 0.728 0.466 0.021 0.077
13 0.758 0.466 0.024 0.081
13 0.601 0.376 0.015 0.046
13 0.630 0.383 0.018 0.045
13 0.654 0.378 0.016 0.046
13 0.684 0.376 0.019 0.051
13 0.710 0.375 0.018 0.055
13 0.735 0.381 0.015 0.033
13 0.786 0.376 0.014 0.044
13 0.648 0.049 0.021 0.075
13 0.673 0.052 0.021 0.066
13 0.648 0.133 0.024 0.062
13 0.618 0.128 0.016 0.046
13 0.671 0.126 0.011 0.039
13 0.691 0.126 0.010 0.033
13 0.724 0.133 0.024 0.064
13 0.770 0.121 0.018 0.040
13 0.796 0.122 0.011 0.035
13 0.726 0.056 0.013 0.036
13 0.748 0.066 0.010 0.026
13 0.773 0.061 0.019 0.045
13 0.793 0.059 0.011 0.040