11 0.296 0.581 0.357 0.307
11 0.390 0.317 0.280 0.354
11 0.466 0.453 0.216 0.219
11 0.576 0.481 0.124 0.133
11 0.597 0.564 0.189 0.211
13 0.382 0.306 0.044 0.039
13 0.364 0.329 0.040 0.035
13 0.357 0.345 0.033 0.028
13 0.334 0.369 0.036 0.033
13 0.319 0.384 0.041 0.034
13 0.307 0.396 0.036 0.030
13 0.294 0.409 0.036 0.034
13 0.283 0.421 0.036 0.033
13 0.264 0.438 0.040 0.034
13 0.306 0.476 0.050 0.040
13 0.163 0.451 0.046 0.044
13 0.133 0.457 0.034 0.034
13 0.201 0.485 0.024 0.022
13 0.226 0.508 0.026 0.026
13 0.182 0.510 0.020 0.025
13 0.145 0.509 0.020 0.021
13 0.437 0.682 0.049 0.040
13 0.568 0.641 0.022 0.020
13 0.606 0.613 0.021 0.020
13 0.563 0.518 0.046 0.054
13 0.546 0.500 0.050 0.055
13 0.607 0.571 0.024 0.033
13 0.632 0.566 0.019 0.028
13 0.651 0.494 0.044 0.059
13 0.603 0.382 0.034 0.029
13 0.641 0.411 0.043 0.033
13 0.683 0.446 0.041 0.037
13 0.612 0.462 0.041 0.041
13 0.598 0.444 0.040 0.044
13 0.557 0.400 0.024 0.020
13 0.549 0.414 0.025 0.020
13 0.539 0.359 0.035 0.029
13 0.523 0.370 0.031 0.030
13 0.501 0.401 0.024 0.026
13 0.461 0.439 0.033 0.029
13 0.522 0.443 0.029 0.025
13 0.445 0.451 0.035 0.031
13 0.498 0.470 0.021 0.022
13 0.482 0.484 0.028 0.025
13 0.420 0.478 0.035 0.034
13 0.458 0.513 0.025 0.026
13 0.445 0.527 0.028 0.026
13 0.396 0.511 0.035 0.029
13 0.431 0.541 0.033 0.029
13 0.392 0.537 0.064 0.059