11 0.546 0.176 0.142 0.090
11 0.539 0.310 0.138 0.018
11 0.394 0.631 0.306 0.356
13 0.258 0.043 0.039 0.018
13 0.367 0.040 0.039 0.018
13 0.154 0.056 0.058 0.021
13 0.567 0.166 0.019 0.055
13 0.424 0.486 0.045 0.020
13 0.517 0.477 0.070 0.025
13 0.509 0.506 0.058 0.025
13 0.427 0.593 0.043 0.016
13 0.510 0.613 0.058 0.021
13 0.438 0.647 0.058 0.021
13 0.514 0.668 0.055 0.019
13 0.438 0.726 0.061 0.019
13 0.523 0.720 0.056 0.020
13 0.452 0.753 0.044 0.019
13 0.516 0.747 0.039 0.019
13 0.446 0.784 0.061 0.021