11 0.667 0.774 0.274 0.453
13 0.465 0.526 0.087 0.051
13 0.411 0.422 0.116 0.079
13 0.325 0.234 0.060 0.034
18 0.742 0.497 0.059 0.031
18 0.886 0.816 0.056 0.039
18 0.796 0.369 0.036 0.050
18 0.949 0.491 0.021 0.034
18 0.691 0.097 0.036 0.054
18 0.951 0.959 0.048 0.030
13 0.683 0.887 0.046 0.026
13 0.332 0.389 0.096 0.034
13 0.459 0.249 0.036 0.056
13 0.426 0.181 0.041 0.056
13 0.502 0.352 0.028 0.049
13 0.573 0.646 0.054 0.031
13 0.591 0.676 0.048 0.036
13 0.632 0.774 0.036 0.022
13 0.655 0.831 0.058 0.034
13 0.478 0.569 0.061 0.033
13 0.598 0.706 0.034 0.024
13 0.613 0.734 0.049 0.025
13 0.634 0.799 0.051 0.026
13 0.667 0.855 0.046 0.022
13 0.698 0.918 0.040 0.029
13 0.718 0.842 0.024 0.036
11 0.407 0.298 0.324 0.569
13 0.471 0.297 0.018 0.041