11 0.611 0.193 0.331 0.121
11 0.620 0.374 0.375 0.138
11 0.655 0.594 0.410 0.130
11 0.681 0.804 0.444 0.109
11 0.716 0.935 0.391 0.080
18 0.846 0.294 0.022 0.011
18 0.846 0.335 0.025 0.010
18 0.853 0.499 0.024 0.009
13 0.934 0.177 0.013 0.025
13 0.459 0.191 0.016 0.043
13 0.484 0.165 0.016 0.048
13 0.544 0.171 0.013 0.034
13 0.531 0.225 0.018 0.043
13 0.486 0.226 0.014 0.044
13 0.590 0.225 0.015 0.037
13 0.561 0.166 0.015 0.040
13 0.580 0.166 0.015 0.043
13 0.672 0.172 0.018 0.031
13 0.491 0.348 0.016 0.039
13 0.509 0.347 0.014 0.039
13 0.443 0.396 0.020 0.048
13 0.466 0.403 0.015 0.034
13 0.495 0.409 0.018 0.035
13 0.536 0.403 0.018 0.043
13 0.589 0.346 0.015 0.044
13 0.653 0.346 0.016 0.041
13 0.673 0.343 0.014 0.048
13 0.710 0.341 0.018 0.048
13 0.704 0.406 0.021 0.055
13 0.729 0.403 0.018 0.049
13 0.748 0.406 0.016 0.050
13 0.771 0.406 0.018 0.055
13 0.749 0.339 0.018 0.048
13 0.792 0.333 0.019 0.056
13 0.903 0.172 0.014 0.024
13 0.877 0.154 0.011 0.020
13 0.959 0.176 0.010 0.025
13 0.491 0.578 0.015 0.026
13 0.456 0.632 0.016 0.031
13 0.478 0.624 0.011 0.030
13 0.495 0.614 0.013 0.029
13 0.519 0.616 0.016 0.029
13 0.547 0.614 0.015 0.031
13 0.612 0.613 0.011 0.024
13 0.666 0.611 0.011 0.030
13 0.770 0.617 0.018 0.041
13 0.796 0.619 0.019 0.052
13 0.818 0.619 0.016 0.044
13 0.844 0.616 0.021 0.052
13 0.790 0.554 0.013 0.043
13 0.470 0.810 0.018 0.060
13 0.496 0.831 0.015 0.037
13 0.496 0.777 0.013 0.044
13 0.519 0.776 0.018 0.046
13 0.574 0.777 0.013 0.034
13 0.538 0.833 0.016 0.043
13 0.559 0.827 0.015 0.034
13 0.578 0.830 0.014 0.037
13 0.600 0.777 0.013 0.029
13 0.616 0.775 0.013 0.033
13 0.656 0.771 0.014 0.036
13 0.636 0.775 0.014 0.033
13 0.674 0.767 0.015 0.041
13 0.752 0.768 0.013 0.029
13 0.804 0.766 0.013 0.026
13 0.828 0.806 0.014 0.024
13 0.754 0.812 0.013 0.031
13 0.848 0.810 0.013 0.037
13 0.887 0.766 0.011 0.024
13 0.579 0.925 0.054 0.020
13 0.587 0.953 0.064 0.020
13 0.568 0.968 0.031 0.011
13 0.676 0.916 0.010 0.024
13 0.703 0.912 0.011 0.029
13 0.728 0.912 0.011 0.028
13 0.798 0.911 0.011 0.024
13 0.839 0.909 0.014 0.025
13 0.866 0.907 0.010 0.022
18 0.940 0.819 0.033 0.024