11 0.335 0.466 0.130 0.911
11 0.576 0.458 0.138 0.914
13 0.320 0.098 0.007 0.018
13 0.311 0.123 0.028 0.011
13 0.315 0.165 0.030 0.010
13 0.312 0.149 0.030 0.010
13 0.313 0.183 0.036 0.011
13 0.312 0.197 0.033 0.011
13 0.317 0.263 0.029 0.010
13 0.311 0.280 0.037 0.013
13 0.312 0.297 0.028 0.013
13 0.315 0.315 0.028 0.013
13 0.310 0.366 0.028 0.013
13 0.312 0.397 0.033 0.011
13 0.312 0.414 0.036 0.011
13 0.314 0.429 0.036 0.011
13 0.312 0.449 0.033 0.011
13 0.313 0.498 0.036 0.016
13 0.311 0.533 0.036 0.016
13 0.369 0.531 0.036 0.013
13 0.371 0.517 0.036 0.013
13 0.369 0.482 0.030 0.010
13 0.371 0.449 0.040 0.016
13 0.371 0.361 0.046 0.018
13 0.366 0.342 0.028 0.011
13 0.369 0.328 0.028 0.011
13 0.367 0.312 0.031 0.013
13 0.369 0.294 0.035 0.014
13 0.369 0.280 0.039 0.015
13 0.369 0.261 0.040 0.016
13 0.367 0.244 0.035 0.015
13 0.364 0.196 0.030 0.015
13 0.367 0.211 0.043 0.018
13 0.367 0.184 0.030 0.015
13 0.366 0.166 0.029 0.011
13 0.367 0.151 0.033 0.013
13 0.366 0.135 0.035 0.015
13 0.365 0.120 0.035 0.015
13 0.364 0.104 0.035 0.015
13 0.364 0.090 0.031 0.013
13 0.309 0.059 0.031 0.013
13 0.369 0.584 0.036 0.013
13 0.371 0.601 0.039 0.014
13 0.311 0.621 0.044 0.016
13 0.369 0.634 0.040 0.015
13 0.372 0.654 0.044 0.015
13 0.369 0.671 0.035 0.014
13 0.311 0.690 0.043 0.018
13 0.375 0.724 0.043 0.018
13 0.314 0.741 0.041 0.016
13 0.315 0.724 0.040 0.011
13 0.312 0.777 0.048 0.019
13 0.374 0.743 0.045 0.015
13 0.372 0.761 0.039 0.015
13 0.372 0.777 0.036 0.011
13 0.379 0.816 0.052 0.019
13 0.303 0.894 0.064 0.021
13 0.374 0.896 0.049 0.018
13 0.541 0.887 0.049 0.018
13 0.611 0.886 0.059 0.020
13 0.539 0.843 0.044 0.018
13 0.611 0.818 0.058 0.020
13 0.613 0.792 0.054 0.016
13 0.608 0.770 0.051 0.018
13 0.548 0.755 0.029 0.010
13 0.544 0.776 0.044 0.015
13 0.542 0.798 0.037 0.014
13 0.599 0.731 0.029 0.011
13 0.607 0.650 0.051 0.018
13 0.544 0.652 0.043 0.014
13 0.546 0.611 0.035 0.013
13 0.599 0.610 0.031 0.013
13 0.544 0.590 0.034 0.013
13 0.544 0.547 0.034 0.013
13 0.601 0.565 0.034 0.013
13 0.601 0.546 0.034 0.013
13 0.542 0.525 0.034 0.013
13 0.605 0.503 0.058 0.016
13 0.549 0.487 0.025 0.014
13 0.599 0.482 0.030 0.013
13 0.600 0.445 0.035 0.015
13 0.547 0.448 0.030 0.013
13 0.545 0.412 0.030 0.013
13 0.545 0.394 0.030 0.013
13 0.544 0.361 0.029 0.010
13 0.599 0.392 0.036 0.016
13 0.602 0.411 0.044 0.018
13 0.605 0.427 0.040 0.013
13 0.601 0.357 0.036 0.016
13 0.598 0.325 0.029 0.013
13 0.544 0.325 0.037 0.013
13 0.545 0.309 0.037 0.013
13 0.596 0.311 0.030 0.011
13 0.594 0.291 0.028 0.011
13 0.547 0.292 0.028 0.011
13 0.596 0.273 0.028 0.011
13 0.601 0.254 0.033 0.011
13 0.544 0.256 0.037 0.015
13 0.541 0.219 0.037 0.015
13 0.601 0.219 0.034 0.013
13 0.599 0.201 0.039 0.013
13 0.544 0.187 0.029 0.011
13 0.541 0.203 0.039 0.013
13 0.597 0.184 0.029 0.011
13 0.599 0.169 0.037 0.015
13 0.542 0.153 0.036 0.014
13 0.595 0.151 0.033 0.011
13 0.596 0.132 0.033 0.011
13 0.593 0.117 0.029 0.011
13 0.594 0.103 0.029 0.011
13 0.593 0.084 0.029 0.011
13 0.548 0.088 0.029 0.011
13 0.546 0.103 0.029 0.011
13 0.542 0.058 0.041 0.016