11 0.439 0.744 0.839 0.235
11 0.522 0.417 0.953 0.195
11 0.537 0.136 0.896 0.233
13 0.364 0.557 0.060 0.025
13 0.836 0.551 0.021 0.051
13 0.859 0.960 0.028 0.055
13 0.102 0.113 0.028 0.098
13 0.143 0.102 0.034 0.087
13 0.205 0.097 0.037 0.104
13 0.302 0.113 0.024 0.080
13 0.347 0.103 0.034 0.099
13 0.389 0.106 0.036 0.087
13 0.432 0.106 0.036 0.087
13 0.481 0.111 0.030 0.077
13 0.529 0.089 0.039 0.121
13 0.618 0.088 0.039 0.121
13 0.668 0.106 0.031 0.096
13 0.716 0.084 0.036 0.124
13 0.758 0.113 0.026 0.077
13 0.798 0.109 0.026 0.077
13 0.836 0.089 0.039 0.113
13 0.881 0.116 0.022 0.055
13 0.910 0.111 0.022 0.055
13 0.949 0.119 0.022 0.055
13 0.943 0.201 0.021 0.070
13 0.901 0.200 0.021 0.070
13 0.863 0.197 0.018 0.061
13 0.824 0.200 0.020 0.062
13 0.785 0.206 0.020 0.062
13 0.746 0.209 0.024 0.072
13 0.704 0.202 0.020 0.056
13 0.620 0.216 0.020 0.056
13 0.574 0.207 0.022 0.069
13 0.531 0.206 0.024 0.059
13 0.487 0.209 0.022 0.051
13 0.439 0.204 0.021 0.072
13 0.397 0.209 0.021 0.075
13 0.314 0.209 0.021 0.075
13 0.268 0.210 0.021 0.075
13 0.221 0.210 0.021 0.075
13 0.184 0.210 0.021 0.075
13 0.143 0.209 0.021 0.075
13 0.355 0.203 0.020 0.062
13 0.070 0.359 0.018 0.076
13 0.065 0.460 0.028 0.095
13 0.115 0.466 0.030 0.102
13 0.102 0.356 0.025 0.060
13 0.139 0.373 0.016 0.019
13 0.169 0.361 0.020 0.062
13 0.164 0.453 0.031 0.087
13 0.209 0.456 0.031 0.087
13 0.258 0.458 0.031 0.087
13 0.303 0.456 0.031 0.087
13 0.350 0.466 0.040 0.102
13 0.453 0.458 0.033 0.083
13 0.499 0.455 0.033 0.083
13 0.550 0.455 0.033 0.083
13 0.590 0.466 0.033 0.083
13 0.634 0.464 0.033 0.083
13 0.682 0.463 0.033 0.083
13 0.734 0.459 0.033 0.083
13 0.780 0.464 0.033 0.087
13 0.831 0.465 0.033 0.087
13 0.921 0.371 0.021 0.058
13 0.963 0.381 0.014 0.024
13 0.946 0.396 0.025 0.013
13 0.961 0.333 0.015 0.019
13 0.957 0.304 0.014 0.015
13 0.955 0.271 0.013 0.025
13 0.986 0.269 0.010 0.020
13 0.991 0.331 0.018 0.028
13 0.978 0.176 0.016 0.026
13 0.882 0.363 0.019 0.081
13 0.841 0.365 0.022 0.062
13 0.759 0.370 0.022 0.062
13 0.720 0.365 0.022 0.062
13 0.681 0.371 0.025 0.055
13 0.642 0.371 0.025 0.055
13 0.600 0.365 0.025 0.055
13 0.565 0.366 0.025 0.055
13 0.520 0.369 0.025 0.055
13 0.469 0.362 0.022 0.070
13 0.431 0.360 0.026 0.062
13 0.349 0.365 0.026 0.062
13 0.308 0.367 0.026 0.062
13 0.263 0.362 0.033 0.069
13 0.207 0.363 0.024 0.059
13 0.039 0.748 0.033 0.165
13 0.091 0.665 0.031 0.087
13 0.090 0.790 0.028 0.098
13 0.110 0.744 0.018 0.015
13 0.142 0.671 0.028 0.091
13 0.125 0.704 0.015 0.025
13 0.138 0.800 0.034 0.117
13 0.191 0.795 0.036 0.115
13 0.186 0.675 0.025 0.077
13 0.245 0.682 0.020 0.060
13 0.236 0.794 0.029 0.101
13 0.283 0.786 0.026 0.087
13 0.284 0.676 0.031 0.086
13 0.322 0.673 0.031 0.086
13 0.369 0.682 0.026 0.079
13 0.414 0.674 0.030 0.091
13 0.459 0.681 0.030 0.091
13 0.504 0.686 0.030 0.081
13 0.554 0.678 0.030 0.081
13 0.596 0.687 0.030 0.081
13 0.647 0.686 0.030 0.081
13 0.691 0.684 0.030 0.081
13 0.744 0.695 0.030 0.072
13 0.784 0.690 0.030 0.080
13 0.829 0.684 0.034 0.091
13 0.834 0.794 0.024 0.074
13 0.791 0.787 0.022 0.066
13 0.751 0.787 0.022 0.066
13 0.709 0.791 0.026 0.080
13 0.673 0.782 0.026 0.066
13 0.629 0.794 0.028 0.085
13 0.544 0.786 0.021 0.077
13 0.504 0.786 0.026 0.083
13 0.470 0.791 0.028 0.091
13 0.424 0.783 0.025 0.074
13 0.378 0.795 0.028 0.105
13 0.328 0.794 0.035 0.110
13 0.869 0.562 0.019 0.039
13 0.869 0.623 0.015 0.030
13 0.886 0.774 0.018 0.029
13 0.896 0.802 0.021 0.024
13 0.894 0.838 0.015 0.022
13 0.897 0.856 0.024 0.020
13 0.896 0.877 0.022 0.024
13 0.896 0.986 0.021 0.025