11 0.141 0.578 0.246 0.486
11 0.429 0.262 0.321 0.189
11 0.203 0.915 0.185 0.170
11 0.589 0.932 0.094 0.135
11 0.412 0.913 0.221 0.136
13 0.005 0.988 0.007 0.011
13 0.556 0.204 0.037 0.060
13 0.524 0.215 0.044 0.070
13 0.492 0.219 0.050 0.089
13 0.464 0.241 0.039 0.085
13 0.436 0.254 0.039 0.085
13 0.381 0.271 0.044 0.079
13 0.292 0.312 0.044 0.072
13 0.321 0.307 0.033 0.065
13 0.407 0.261 0.039 0.074
13 0.239 0.352 0.046 0.026
13 0.159 0.366 0.072 0.035
13 0.145 0.394 0.072 0.035
13 0.141 0.421 0.072 0.035
13 0.142 0.453 0.061 0.033
13 0.129 0.480 0.075 0.033
13 0.121 0.510 0.075 0.033
13 0.109 0.537 0.075 0.033
13 0.110 0.568 0.075 0.033
13 0.107 0.598 0.075 0.033
13 0.099 0.627 0.069 0.029
13 0.096 0.654 0.069 0.029
13 0.165 0.657 0.048 0.021
13 0.204 0.489 0.048 0.021
13 0.231 0.698 0.018 0.040
13 0.081 0.737 0.054 0.026
13 0.077 0.766 0.041 0.022
13 0.072 0.796 0.036 0.025
13 0.145 0.742 0.048 0.021
13 0.139 0.767 0.048 0.021
13 0.139 0.887 0.052 0.059
13 0.159 0.905 0.045 0.058
13 0.192 0.917 0.051 0.068
13 0.212 0.934 0.043 0.066
13 0.242 0.952 0.043 0.061
13 0.263 0.969 0.043 0.061
13 0.326 0.958 0.030 0.041
13 0.364 0.922 0.019 0.030
13 0.389 0.920 0.029 0.050
13 0.434 0.902 0.026 0.043
13 0.457 0.896 0.031 0.061
13 0.480 0.880 0.040 0.068
13 0.506 0.873 0.030 0.052
13 0.579 0.912 0.062 0.030
13 0.586 0.938 0.056 0.020
13 0.624 0.883 0.016 0.034