15 0.735 0.257 0.135 0.131
15 0.644 0.407 0.142 0.140
15 0.843 0.409 0.164 0.156
15 0.554 0.591 0.122 0.122
15 0.737 0.578 0.146 0.140
15 0.351 0.611 0.014 0.014
15 0.378 0.612 0.014 0.016
15 0.403 0.613 0.024 0.018
15 0.382 0.630 0.026 0.018
15 0.509 0.409 0.021 0.018
15 0.529 0.408 0.018 0.016
15 0.508 0.426 0.019 0.016
15 0.528 0.426 0.016 0.016
15 0.511 0.447 0.022 0.019
15 0.534 0.448 0.020 0.020
18 0.577 0.058 0.011 0.018
18 0.625 0.057 0.010 0.016
18 0.647 0.058 0.010 0.018
18 0.596 0.056 0.011 0.021
18 0.895 0.844 0.025 0.064
18 0.809 0.059 0.007 0.016
18 0.235 0.062 0.007 0.020
18 0.314 0.859 0.019 0.006
18 0.018 0.870 0.025 0.007
18 0.109 0.672 0.021 0.007
15 0.929 0.723 0.009 0.007
18 0.699 0.859 0.013 0.005