11 0.317 0.444 0.216 0.642
11 0.559 0.248 0.171 0.331
11 0.578 0.591 0.150 0.359
11 0.814 0.591 0.109 0.352
11 0.802 0.209 0.087 0.388
11 0.863 0.924 0.249 0.125
13 0.301 0.206 0.048 0.133
13 0.371 0.184 0.045 0.019
13 0.372 0.263 0.058 0.022
13 0.367 0.292 0.049 0.019
13 0.374 0.320 0.070 0.020
13 0.372 0.344 0.061 0.019
13 0.368 0.369 0.041 0.015
13 0.383 0.397 0.072 0.019
13 0.371 0.441 0.055 0.021
13 0.379 0.502 0.066 0.024
13 0.381 0.541 0.064 0.021
13 0.382 0.596 0.079 0.024
13 0.377 0.629 0.074 0.024
13 0.374 0.664 0.074 0.024
13 0.307 0.514 0.033 0.094
13 0.573 0.752 0.131 0.029
13 0.927 0.829 0.050 0.026
13 0.779 0.882 0.071 0.043
13 0.816 0.748 0.069 0.026
13 0.813 0.718 0.066 0.028
13 0.816 0.686 0.061 0.025
13 0.806 0.656 0.086 0.034
13 0.611 0.657 0.072 0.025
13 0.611 0.621 0.072 0.025
13 0.609 0.594 0.072 0.025
13 0.602 0.557 0.056 0.020
13 0.609 0.531 0.081 0.026
13 0.606 0.496 0.072 0.022
13 0.609 0.468 0.080 0.028
13 0.601 0.433 0.074 0.026
13 0.592 0.393 0.046 0.019
13 0.591 0.367 0.048 0.015
13 0.591 0.346 0.048 0.015
13 0.520 0.393 0.052 0.018
13 0.517 0.362 0.056 0.022
13 0.517 0.274 0.056 0.022
13 0.518 0.331 0.056 0.022
13 0.518 0.302 0.056 0.022
13 0.509 0.217 0.076 0.025
13 0.513 0.191 0.066 0.022
13 0.517 0.159 0.059 0.020
13 0.513 0.102 0.059 0.020
13 0.597 0.098 0.059 0.020
13 0.597 0.161 0.066 0.024
13 0.603 0.191 0.075 0.022
13 0.606 0.223 0.071 0.020
13 0.589 0.253 0.045 0.016
13 0.801 0.275 0.061 0.020
13 0.804 0.247 0.061 0.020
13 0.799 0.214 0.070 0.029
13 0.799 0.181 0.064 0.026
13 0.799 0.149 0.064 0.026
13 0.796 0.066 0.065 0.020
13 0.803 0.461 0.069 0.025
13 0.808 0.491 0.064 0.022
13 0.809 0.526 0.064 0.022
13 0.809 0.557 0.064 0.022
13 0.811 0.591 0.064 0.022
13 0.813 0.619 0.064 0.022
13 0.876 0.493 0.020 0.029
13 0.855 0.914 0.048 0.018
13 0.531 0.726 0.049 0.016