11 0.204 0.506 0.254 0.198
11 0.709 0.422 0.256 0.291
11 0.357 0.608 0.304 0.229
11 0.461 0.785 0.285 0.190
11 0.071 0.956 0.140 0.055
13 0.090 0.525 0.028 0.037
13 0.157 0.491 0.026 0.040
13 0.097 0.585 0.031 0.043
13 0.211 0.462 0.026 0.031
13 0.233 0.512 0.026 0.045
13 0.247 0.442 0.026 0.036
13 0.310 0.479 0.028 0.039
13 0.250 0.642 0.022 0.026
13 0.277 0.692 0.029 0.044
13 0.348 0.652 0.034 0.044
13 0.442 0.527 0.029 0.048
13 0.346 0.850 0.054 0.062
13 0.372 0.836 0.050 0.054
13 0.401 0.805 0.051 0.060
13 0.427 0.783 0.055 0.064
13 0.460 0.757 0.048 0.056
13 0.480 0.736 0.048 0.052
13 0.613 0.347 0.061 0.040
13 0.694 0.300 0.068 0.045
13 0.627 0.387 0.051 0.034
13 0.732 0.360 0.074 0.035
13 0.684 0.484 0.066 0.039
13 0.763 0.435 0.066 0.045
13 0.785 0.468 0.068 0.045
13 0.697 0.519 0.074 0.044
13 0.736 0.541 0.031 0.018
13 0.039 0.963 0.062 0.021
13 0.109 0.977 0.056 0.016
13 0.099 0.938 0.033 0.019
13 0.417 0.545 0.026 0.030
13 0.308 0.376 0.014 0.019
13 0.298 0.393 0.016 0.020
13 0.308 0.413 0.019 0.016
13 0.261 0.417 0.011 0.021
13 0.269 0.442 0.013 0.016
13 0.278 0.427 0.016 0.016
13 0.271 0.421 0.014 0.016
13 0.452 0.324 0.011 0.019
13 0.462 0.347 0.014 0.018
13 0.484 0.392 0.013 0.019
13 0.489 0.374 0.015 0.016
13 0.480 0.369 0.013 0.016
13 0.470 0.366 0.010 0.015
13 0.708 0.383 0.018 0.013