11 0.859 0.549 0.166 0.786
11 0.584 0.550 0.194 0.792
11 0.272 0.551 0.254 0.797
13 0.213 0.169 0.091 0.033
13 0.335 0.168 0.065 0.028
13 0.213 0.206 0.131 0.034
13 0.341 0.201 0.085 0.024
13 0.228 0.254 0.099 0.020
13 0.344 0.256 0.077 0.022
13 0.231 0.290 0.084 0.028
13 0.338 0.294 0.079 0.028
13 0.218 0.333 0.084 0.033
13 0.341 0.331 0.080 0.024
13 0.344 0.368 0.094 0.029
13 0.346 0.401 0.069 0.029
13 0.230 0.409 0.098 0.031
13 0.240 0.448 0.072 0.030
13 0.345 0.446 0.092 0.033
13 0.339 0.481 0.085 0.033
13 0.229 0.486 0.077 0.025
13 0.236 0.524 0.077 0.025
13 0.341 0.520 0.077 0.025
13 0.341 0.594 0.077 0.025
13 0.239 0.601 0.092 0.026
13 0.231 0.639 0.092 0.026
13 0.344 0.634 0.084 0.029
13 0.344 0.674 0.084 0.029
13 0.237 0.676 0.084 0.029
13 0.233 0.715 0.102 0.033
13 0.347 0.715 0.102 0.033
13 0.339 0.751 0.076 0.024
13 0.231 0.756 0.101 0.026
13 0.227 0.793 0.101 0.026
13 0.341 0.793 0.101 0.026
13 0.229 0.829 0.083 0.026
13 0.241 0.871 0.083 0.026
13 0.332 0.869 0.069 0.028
13 0.336 0.905 0.069 0.028
13 0.216 0.915 0.128 0.033
13 0.542 0.176 0.077 0.030
13 0.632 0.176 0.077 0.030
13 0.536 0.207 0.077 0.030
13 0.539 0.242 0.077 0.030
13 0.540 0.276 0.077 0.030
13 0.534 0.310 0.077 0.030
13 0.530 0.345 0.077 0.030
13 0.537 0.372 0.077 0.030
13 0.534 0.409 0.089 0.029
13 0.538 0.444 0.081 0.033
13 0.537 0.477 0.081 0.033
13 0.536 0.511 0.081 0.033
13 0.543 0.544 0.081 0.033
13 0.539 0.576 0.081 0.033
13 0.543 0.609 0.081 0.033
13 0.541 0.646 0.081 0.033
13 0.544 0.677 0.059 0.024
13 0.544 0.713 0.076 0.026
13 0.546 0.748 0.076 0.026
13 0.537 0.781 0.090 0.029
13 0.535 0.847 0.090 0.029
13 0.539 0.911 0.079 0.025
13 0.635 0.206 0.077 0.030
13 0.637 0.239 0.077 0.030
13 0.635 0.274 0.077 0.030
13 0.638 0.306 0.066 0.021
13 0.631 0.377 0.066 0.021
13 0.636 0.408 0.076 0.031
13 0.636 0.437 0.064 0.019
13 0.639 0.509 0.076 0.031
13 0.638 0.581 0.076 0.031
13 0.641 0.712 0.076 0.031
13 0.642 0.746 0.076 0.031
13 0.636 0.779 0.068 0.022
13 0.639 0.814 0.075 0.024
13 0.814 0.171 0.070 0.022
13 0.892 0.168 0.070 0.022
13 0.810 0.200 0.070 0.022
13 0.897 0.198 0.070 0.022
13 0.812 0.228 0.070 0.022
13 0.900 0.228 0.070 0.022
13 0.807 0.260 0.070 0.022
13 0.814 0.292 0.070 0.022
13 0.811 0.323 0.070 0.022
13 0.814 0.385 0.070 0.022
13 0.811 0.350 0.070 0.022
13 0.812 0.415 0.070 0.022
13 0.814 0.449 0.070 0.022
13 0.814 0.476 0.070 0.022
13 0.809 0.541 0.066 0.022
13 0.817 0.574 0.066 0.022
13 0.812 0.630 0.066 0.022
13 0.816 0.664 0.066 0.022
13 0.814 0.725 0.066 0.022
13 0.814 0.760 0.066 0.022
13 0.817 0.789 0.066 0.022
13 0.812 0.821 0.066 0.022
13 0.814 0.849 0.066 0.022
13 0.817 0.882 0.066 0.022
13 0.815 0.909 0.050 0.016
13 0.899 0.261 0.070 0.022
13 0.899 0.291 0.070 0.022
13 0.904 0.354 0.070 0.022
13 0.897 0.320 0.070 0.022
13 0.897 0.320 0.070 0.022
13 0.900 0.379 0.070 0.022
13 0.902 0.414 0.070 0.022
13 0.904 0.477 0.070 0.022
13 0.904 0.536 0.070 0.022
13 0.899 0.571 0.066 0.025
13 0.904 0.665 0.066 0.025
13 0.902 0.724 0.066 0.025
13 0.904 0.754 0.066 0.025
13 0.901 0.816 0.066 0.025
13 0.903 0.881 0.066 0.025
13 0.897 0.914 0.052 0.029