11 0.219 0.299 0.336 0.352
11 0.666 0.382 0.419 0.549
18 0.534 0.052 0.018 0.050
18 0.670 0.059 0.015 0.037
18 0.722 0.056 0.016 0.037
18 0.806 0.063 0.020 0.039
18 0.879 0.058 0.018 0.051
13 0.219 0.161 0.071 0.035
13 0.341 0.154 0.091 0.033
13 0.331 0.196 0.094 0.043
13 0.211 0.198 0.091 0.036
13 0.208 0.223 0.074 0.028
13 0.322 0.246 0.109 0.044
13 0.179 0.259 0.109 0.044
13 0.302 0.286 0.098 0.034
13 0.313 0.331 0.129 0.055
13 0.176 0.293 0.111 0.049
13 0.149 0.348 0.114 0.059
13 0.286 0.381 0.098 0.046
13 0.130 0.378 0.145 0.052
13 0.281 0.425 0.121 0.052
13 0.682 0.163 0.065 0.030
13 0.774 0.192 0.035 0.021
13 0.666 0.202 0.076 0.034
13 0.661 0.240 0.074 0.033
13 0.767 0.266 0.091 0.040
13 0.749 0.306 0.084 0.035
13 0.644 0.277 0.084 0.031
13 0.627 0.323 0.092 0.033
13 0.753 0.351 0.101 0.041
13 0.747 0.401 0.104 0.046
13 0.833 0.415 0.050 0.030
13 0.744 0.441 0.130 0.052
13 0.581 0.464 0.130 0.052
13 0.557 0.502 0.130 0.052
13 0.522 0.554 0.133 0.061
13 0.696 0.489 0.081 0.028
13 0.703 0.540 0.106 0.040
13 0.656 0.598 0.125 0.081
13 0.794 0.621 0.151 0.064