2 0.418 0.201 0.079 0.095
2 0.849 0.199 0.113 0.109
2 0.688 0.204 0.110 0.104
2 0.654 0.279 0.086 0.098
2 0.733 0.300 0.109 0.115
2 0.636 0.361 0.086 0.076
2 0.701 0.481 0.110 0.079
2 0.540 0.632 0.165 0.189
2 0.678 0.626 0.124 0.128
2 0.926 0.652 0.135 0.135
18 0.034 0.214 0.037 0.019
18 0.037 0.236 0.028 0.011
18 0.032 0.269 0.041 0.014
18 0.030 0.287 0.035 0.014
18 0.031 0.306 0.035 0.018
18 0.029 0.340 0.040 0.015
18 0.027 0.375 0.041 0.018
18 0.033 0.411 0.035 0.016
18 0.034 0.465 0.036 0.015
18 0.031 0.506 0.039 0.016
18 0.030 0.585 0.033 0.013
18 0.964 0.167 0.031 0.014
18 0.958 0.263 0.037 0.016
18 0.955 0.299 0.035 0.018
18 0.956 0.359 0.033 0.015
18 0.959 0.379 0.041 0.016
18 0.960 0.399 0.033 0.015
18 0.967 0.443 0.041 0.016
18 0.327 0.009 0.014 0.015
18 0.497 0.009 0.011 0.016
18 0.456 0.010 0.010 0.018
18 0.942 0.011 0.014 0.019
18 0.963 0.007 0.014 0.011