16 0.107 0.205 0.105 0.230
16 0.282 0.206 0.104 0.233
16 0.455 0.209 0.105 0.234
16 0.099 0.613 0.109 0.229
16 0.276 0.616 0.106 0.231
16 0.448 0.617 0.104 0.231
5 0.887 0.254 0.154 0.258
5 0.878 0.575 0.149 0.258
18 0.269 0.938 0.019 0.041
18 0.321 0.978 0.018 0.041
18 0.062 0.981 0.018 0.039
18 0.398 0.979 0.019 0.041
18 0.476 0.984 0.019 0.031
18 0.498 0.986 0.016 0.028
18 0.527 0.942 0.018 0.046
18 0.525 0.986 0.018 0.029
18 0.553 0.986 0.021 0.029
18 0.580 0.938 0.015 0.046
18 0.606 0.936 0.021 0.061
18 0.605 0.984 0.022 0.028
18 0.868 0.941 0.020 0.051
18 0.866 0.986 0.018 0.029
18 0.895 0.987 0.020 0.026
18 0.917 0.939 0.022 0.058
18 0.920 0.987 0.020 0.026
18 0.949 0.946 0.019 0.043
18 0.948 0.988 0.019 0.025
18 0.972 0.985 0.014 0.030
18 0.993 0.946 0.014 0.046
18 0.993 0.988 0.015 0.024