11 0.762 0.166 0.426 0.152
11 0.764 0.424 0.411 0.186
11 0.745 0.738 0.400 0.235
11 0.913 0.957 0.101 0.051
18 0.988 0.771 0.019 0.007
18 0.988 0.783 0.021 0.009
18 0.988 0.809 0.021 0.007
18 0.989 0.823 0.021 0.006
18 0.991 0.838 0.019 0.009
13 0.468 0.036 0.015 0.044
13 0.529 0.067 0.013 0.029
13 0.261 0.946 0.014 0.036
13 0.588 0.800 0.037 0.110
13 0.608 0.671 0.033 0.081
13 0.734 0.667 0.029 0.070
13 0.626 0.795 0.028 0.107
13 0.657 0.778 0.029 0.084
13 0.689 0.777 0.025 0.087
13 0.765 0.668 0.022 0.069
13 0.796 0.661 0.026 0.071
13 0.826 0.666 0.021 0.066
13 0.747 0.772 0.029 0.087
13 0.831 0.761 0.022 0.077
13 0.859 0.763 0.024 0.079
13 0.884 0.748 0.016 0.054
13 0.911 0.742 0.018 0.054
13 0.932 0.738 0.013 0.033
13 0.594 0.471 0.029 0.091
13 0.593 0.374 0.018 0.062
13 0.629 0.367 0.022 0.070
13 0.686 0.366 0.025 0.079
13 0.742 0.370 0.024 0.072
13 0.688 0.468 0.021 0.071
13 0.812 0.469 0.024 0.071
13 0.838 0.463 0.021 0.061
13 0.866 0.463 0.020 0.054
13 0.889 0.456 0.016 0.044
13 0.916 0.453 0.014 0.037
13 0.908 0.376 0.021 0.074
13 0.561 0.139 0.025 0.089
13 0.604 0.124 0.019 0.049
13 0.627 0.121 0.014 0.049
13 0.651 0.122 0.020 0.052
13 0.641 0.192 0.014 0.031
13 0.695 0.210 0.022 0.068
13 0.723 0.211 0.024 0.071
13 0.752 0.206 0.020 0.059
13 0.776 0.206 0.020 0.059
13 0.799 0.209 0.021 0.062
13 0.829 0.207 0.020 0.051
13 0.855 0.212 0.020 0.056
13 0.721 0.127 0.014 0.046
13 0.744 0.126 0.015 0.045
13 0.792 0.131 0.016 0.043
13 0.818 0.130 0.016 0.043
13 0.841 0.133 0.014 0.048
13 0.862 0.132 0.016 0.049
13 0.885 0.139 0.015 0.037
13 0.910 0.132 0.020 0.054
13 0.933 0.138 0.011 0.034
13 0.930 0.205 0.015 0.040
13 0.924 0.338 0.016 0.022