11 0.512 0.830 0.659 0.263
11 0.458 0.552 0.624 0.231
11 0.422 0.320 0.635 0.223
18 0.909 0.421 0.031 0.014
13 0.736 0.363 0.025 0.046
11 0.389 0.130 0.621 0.175
18 0.917 0.943 0.015 0.022
13 0.112 0.115 0.019 0.035
13 0.092 0.190 0.025 0.052
13 0.284 0.103 0.046 0.021
13 0.274 0.157 0.022 0.054
13 0.392 0.138 0.024 0.051
13 0.453 0.122 0.024 0.051
13 0.537 0.114 0.024 0.052
13 0.574 0.110 0.026 0.055
13 0.688 0.084 0.024 0.055
13 0.116 0.331 0.024 0.055
13 0.128 0.403 0.025 0.055
13 0.517 0.340 0.028 0.058
13 0.622 0.246 0.021 0.052
13 0.663 0.306 0.024 0.052
13 0.678 0.238 0.019 0.044
13 0.716 0.236 0.019 0.041
13 0.163 0.624 0.039 0.091
13 0.244 0.616 0.033 0.084
13 0.408 0.504 0.029 0.056
13 0.452 0.502 0.024 0.044
13 0.463 0.576 0.021 0.060
13 0.521 0.482 0.022 0.048
13 0.596 0.468 0.020 0.052
13 0.672 0.522 0.022 0.048
13 0.736 0.467 0.043 0.024
13 0.194 0.806 0.025 0.064
13 0.419 0.777 0.026 0.070
13 0.232 0.805 0.029 0.070
13 0.207 0.905 0.041 0.113
13 0.253 0.909 0.034 0.105
13 0.399 0.879 0.034 0.071
13 0.470 0.860 0.030 0.072
13 0.456 0.769 0.029 0.080
13 0.496 0.761 0.030 0.066
13 0.528 0.762 0.036 0.074
13 0.506 0.861 0.039 0.086
13 0.542 0.849 0.035 0.072
13 0.571 0.756 0.025 0.055
13 0.601 0.745 0.026 0.058
13 0.584 0.838 0.026 0.062
13 0.641 0.739 0.028 0.054
13 0.672 0.729 0.030 0.064
13 0.157 0.184 0.024 0.050
13 0.185 0.181 0.022 0.054
13 0.271 0.798 0.025 0.059
13 0.305 0.793 0.022 0.066
13 0.228 0.527 0.021 0.048
13 0.258 0.530 0.020 0.045
13 0.299 0.519 0.026 0.060
13 0.331 0.510 0.021 0.060
13 0.311 0.606 0.033 0.074
13 0.346 0.599 0.024 0.066
13 0.388 0.588 0.026 0.069
13 0.426 0.587 0.034 0.079
13 0.536 0.568 0.034 0.083
13 0.568 0.564 0.031 0.070
13 0.645 0.562 0.043 0.089
13 0.624 0.466 0.028 0.060
13 0.181 0.323 0.021 0.056
13 0.206 0.315 0.018 0.050
13 0.195 0.394 0.022 0.049
13 0.222 0.387 0.024 0.054
13 0.238 0.307 0.021 0.051
13 0.265 0.305 0.020 0.050
13 0.253 0.388 0.022 0.062
13 0.281 0.379 0.025 0.052
13 0.309 0.371 0.025 0.056
13 0.338 0.367 0.024 0.051
13 0.369 0.364 0.022 0.051
13 0.359 0.289 0.015 0.051
13 0.400 0.362 0.020 0.052
13 0.383 0.282 0.022 0.051
13 0.428 0.352 0.026 0.060
13 0.456 0.350 0.022 0.052
13 0.414 0.278 0.021 0.045
13 0.443 0.275 0.021 0.052
13 0.475 0.273 0.025 0.062
13 0.504 0.273 0.019 0.051
13 0.537 0.264 0.019 0.040
13 0.563 0.256 0.019 0.050
13 0.547 0.334 0.022 0.051
13 0.576 0.333 0.022 0.049
13 0.607 0.319 0.021 0.050
13 0.634 0.319 0.021 0.045