11 0.629 0.116 0.491 0.228
11 0.490 0.186 0.263 0.101
11 0.396 0.279 0.236 0.062
11 0.367 0.418 0.281 0.061
11 0.357 0.664 0.404 0.129
11 0.250 0.787 0.290 0.041
11 0.128 0.731 0.089 0.011
11 0.126 0.763 0.087 0.009
11 0.985 0.487 0.030 0.092
18 0.189 0.323 0.013 0.014
18 0.141 0.337 0.005 0.016
18 0.041 0.347 0.014 0.010
18 0.092 0.355 0.046 0.013
18 0.037 0.409 0.006 0.020
18 0.104 0.598 0.010 0.006
18 0.122 0.634 0.010 0.007
18 0.099 0.642 0.006 0.011
18 0.092 0.646 0.005 0.010
18 0.074 0.644 0.007 0.015
13 0.223 0.651 0.094 0.024
13 0.498 0.651 0.111 0.022
13 0.439 0.686 0.043 0.013
13 0.482 0.684 0.025 0.010
13 0.522 0.683 0.028 0.009
13 0.372 0.777 0.035 0.011
13 0.281 0.795 0.025 0.007
13 0.100 0.961 0.018 0.010
13 0.069 0.304 0.021 0.062
13 0.099 0.307 0.020 0.056
13 0.129 0.315 0.014 0.048
13 0.161 0.315 0.022 0.065
13 0.263 0.381 0.062 0.016
13 0.287 0.439 0.074 0.020
13 0.366 0.404 0.076 0.021
13 0.443 0.406 0.054 0.018
13 0.265 0.351 0.062 0.021
13 0.290 0.325 0.087 0.022
13 0.345 0.267 0.060 0.019
13 0.324 0.291 0.061 0.018
13 0.464 0.290 0.083 0.020
13 0.317 0.192 0.014 0.039
13 0.302 0.231 0.018 0.029
13 0.317 0.236 0.011 0.030
13 0.380 0.151 0.025 0.016
13 0.350 0.116 0.033 0.015
13 0.331 0.138 0.022 0.020
13 0.351 0.102 0.025 0.007
13 0.351 0.091 0.021 0.010
13 0.346 0.231 0.010 0.028
13 0.389 0.191 0.013 0.036
13 0.403 0.189 0.007 0.026
13 0.441 0.191 0.014 0.031
13 0.477 0.193 0.013 0.036
13 0.499 0.194 0.010 0.034
13 0.514 0.193 0.013 0.030
13 0.534 0.194 0.009 0.024
13 0.551 0.201 0.013 0.036
13 0.603 0.228 0.021 0.020
13 0.407 0.152 0.020 0.016
13 0.432 0.158 0.019 0.007
13 0.463 0.159 0.019 0.011
13 0.487 0.161 0.024 0.010
13 0.518 0.164 0.021 0.009
13 0.546 0.166 0.022 0.011
13 0.576 0.178 0.019 0.016
13 0.578 0.202 0.019 0.019
13 0.607 0.207 0.019 0.019
13 0.413 0.019 0.011 0.020
13 0.449 0.028 0.013 0.028
13 0.482 0.033 0.014 0.033
13 0.516 0.041 0.013 0.030
13 0.537 0.043 0.009 0.026
13 0.551 0.048 0.013 0.028
13 0.590 0.087 0.013 0.039
13 0.553 0.119 0.021 0.025
13 0.625 0.093 0.015 0.041
13 0.672 0.056 0.059 0.031
13 0.662 0.104 0.021 0.041
13 0.038 0.307 0.019 0.061
13 0.710 0.102 0.028 0.056
13 0.714 0.179 0.026 0.045
13 0.756 0.188 0.021 0.046
13 0.815 0.124 0.020 0.056
13 0.858 0.121 0.033 0.014
13 0.857 0.138 0.041 0.019
13 0.854 0.160 0.039 0.018
13 0.853 0.178 0.035 0.014
13 0.843 0.198 0.040 0.016
13 0.841 0.215 0.041 0.015
13 0.951 0.864 0.037 0.018