17 0.444 0.788 0.718 0.156
18 0.369 0.861 0.014 0.006
18 0.334 0.843 0.018 0.009
18 0.528 0.842 0.024 0.009
18 0.613 0.849 0.014 0.006
18 0.595 0.850 0.013 0.005
18 0.576 0.851 0.013 0.006
18 0.417 0.904 0.006 0.013
18 0.420 0.963 0.007 0.014
18 0.422 0.978 0.007 0.013
18 0.617 0.951 0.014 0.006
18 0.827 0.899 0.009 0.015
18 0.669 0.996 0.007 0.009
18 0.791 0.706 0.014 0.009
18 0.648 0.432 0.014 0.006
18 0.624 0.443 0.011 0.010
18 0.636 0.468 0.014 0.006
18 0.645 0.491 0.013 0.006
18 0.667 0.484 0.014 0.009
18 0.616 0.102 0.010 0.015
18 0.665 0.202 0.010 0.014
18 0.405 0.076 0.035 0.019
18 0.326 0.115 0.015 0.007
18 0.229 0.124 0.011 0.007
18 0.254 0.136 0.020 0.011
18 0.351 0.149 0.009 0.014
18 0.364 0.244 0.009 0.015
18 0.444 0.456 0.015 0.006
18 0.322 0.011 0.006 0.013
18 0.323 0.026 0.009 0.015
18 0.061 0.136 0.007 0.014
18 0.374 0.302 0.006 0.014
18 0.021 0.449 0.011 0.006
18 0.110 0.511 0.007 0.014
18 0.053 0.443 0.014 0.009
18 0.211 0.846 0.021 0.010
18 0.522 0.992 0.018 0.006
18 0.560 0.990 0.015 0.007