11 0.751 0.499 0.099 0.859
11 0.868 0.604 0.130 0.619
11 0.614 0.499 0.081 0.740
11 0.492 0.325 0.072 0.480
11 0.382 0.344 0.069 0.443
11 0.274 0.352 0.064 0.445
11 0.172 0.326 0.065 0.494
11 0.077 0.351 0.064 0.446
11 0.261 0.672 0.519 0.095
11 0.257 0.837 0.511 0.109
13 0.021 0.479 0.009 0.024
13 0.505 0.856 0.018 0.065
13 0.512 0.676 0.024 0.086
13 0.791 0.310 0.015 0.022
13 0.879 0.557 0.045 0.013
13 0.881 0.575 0.040 0.013
13 0.883 0.592 0.041 0.011
13 0.880 0.626 0.048 0.013
13 0.883 0.644 0.044 0.013
13 0.882 0.661 0.044 0.013
13 0.882 0.697 0.046 0.014
13 0.880 0.714 0.045 0.010
13 0.880 0.730 0.045 0.013
13 0.881 0.782 0.049 0.010
13 0.881 0.799 0.045 0.013
13 0.724 0.903 0.031 0.011
13 0.775 0.875 0.045 0.013
13 0.774 0.858 0.051 0.011
13 0.724 0.871 0.041 0.013
13 0.724 0.858 0.030 0.009
13 0.772 0.718 0.045 0.015
13 0.772 0.685 0.048 0.013
13 0.772 0.650 0.045 0.013
13 0.773 0.581 0.046 0.013
13 0.721 0.521 0.035 0.011
13 0.721 0.347 0.033 0.010
13 0.766 0.479 0.033 0.010
13 0.593 0.315 0.028 0.010
13 0.595 0.163 0.022 0.015
13 0.628 0.195 0.024 0.007
13 0.627 0.184 0.025 0.007
13 0.594 0.182 0.024 0.010
13 0.472 0.291 0.033 0.010
13 0.506 0.200 0.021 0.007
13 0.506 0.223 0.025 0.009
13 0.506 0.249 0.028 0.009
13 0.363 0.541 0.031 0.011
13 0.294 0.562 0.029 0.010
13 0.292 0.511 0.026 0.009
13 0.362 0.154 0.019 0.009
13 0.366 0.126 0.025 0.009
13 0.397 0.142 0.026 0.009
13 0.064 0.212 0.015 0.030
13 0.062 0.147 0.019 0.026
13 0.062 0.178 0.018 0.024
13 0.091 0.144 0.024 0.007
13 0.091 0.190 0.021 0.007
13 0.154 0.250 0.026 0.007
13 0.154 0.357 0.029 0.010
13 0.157 0.505 0.029 0.010
13 0.156 0.431 0.026 0.006
13 0.190 0.439 0.028 0.009
13 0.059 0.250 0.025 0.007
13 0.094 0.431 0.028 0.009
13 0.095 0.455 0.025 0.007
13 0.097 0.480 0.021 0.007
13 0.095 0.554 0.022 0.007
13 0.048 0.863 0.014 0.050
13 0.072 0.864 0.015 0.052
13 0.094 0.863 0.014 0.048
13 0.071 0.804 0.033 0.043
13 0.099 0.806 0.014 0.040
13 0.117 0.864 0.015 0.050
13 0.139 0.862 0.016 0.051
13 0.138 0.806 0.009 0.041
13 0.163 0.806 0.014 0.040
13 0.184 0.864 0.014 0.055
13 0.207 0.863 0.015 0.050
13 0.229 0.866 0.016 0.055
13 0.181 0.803 0.014 0.046
13 0.203 0.804 0.013 0.044
13 0.221 0.806 0.014 0.045
13 0.240 0.808 0.015 0.036
13 0.260 0.806 0.010 0.043
13 0.282 0.811 0.011 0.034
13 0.319 0.806 0.013 0.045
13 0.298 0.863 0.014 0.048
13 0.343 0.863 0.016 0.049
13 0.338 0.807 0.011 0.035
13 0.357 0.806 0.013 0.041
13 0.377 0.806 0.011 0.043
13 0.363 0.871 0.014 0.043
13 0.387 0.866 0.016 0.052
13 0.407 0.863 0.015 0.048
13 0.401 0.803 0.011 0.041
13 0.419 0.804 0.014 0.044
13 0.439 0.810 0.016 0.035
13 0.043 0.697 0.013 0.039
13 0.051 0.646 0.010 0.037
13 0.089 0.649 0.013 0.033
13 0.061 0.700 0.011 0.040
13 0.082 0.696 0.014 0.039
13 0.102 0.699 0.014 0.043
13 0.107 0.648 0.010 0.034
13 0.144 0.646 0.013 0.036
13 0.164 0.699 0.013 0.041
13 0.182 0.700 0.015 0.045
13 0.165 0.647 0.013 0.033
13 0.182 0.647 0.009 0.039
13 0.201 0.646 0.010 0.037
13 0.219 0.646 0.013 0.037
13 0.221 0.698 0.013 0.044
13 0.236 0.650 0.010 0.033
13 0.258 0.646 0.010 0.034
13 0.274 0.647 0.011 0.037
13 0.313 0.646 0.011 0.041
13 0.301 0.699 0.014 0.041
13 0.319 0.701 0.016 0.043
13 0.341 0.701 0.020 0.037
13 0.378 0.703 0.010 0.034
13 0.351 0.648 0.011 0.039
13 0.369 0.647 0.014 0.036
13 0.386 0.646 0.010 0.040
13 0.406 0.647 0.014 0.037
13 0.425 0.648 0.013 0.036
13 0.445 0.650 0.010 0.033
13 0.461 0.649 0.010 0.036
13 0.006 0.696 0.009 0.035
13 0.441 0.699 0.015 0.044
13 0.881 0.816 0.044 0.013
13 0.879 0.835 0.044 0.015
13 0.882 0.851 0.046 0.013
13 0.877 0.868 0.046 0.015
13 0.879 0.886 0.043 0.014
13 0.772 0.823 0.045 0.014
13 0.772 0.806 0.041 0.015
13 0.773 0.789 0.044 0.013
13 0.774 0.772 0.043 0.015
13 0.775 0.754 0.045 0.014
13 0.774 0.736 0.046 0.013
13 0.724 0.761 0.035 0.014
13 0.723 0.791 0.035 0.013
13 0.724 0.808 0.041 0.014
13 0.725 0.825 0.037 0.013
13 0.723 0.839 0.040 0.014
13 0.635 0.777 0.030 0.011
13 0.592 0.768 0.034 0.011
13 0.592 0.784 0.034 0.013
13 0.634 0.810 0.034 0.013
13 0.637 0.826 0.033 0.013
13 0.593 0.828 0.037 0.014
13 0.594 0.843 0.033 0.013
13 0.634 0.842 0.037 0.014
13 0.591 0.752 0.034 0.013
13 0.592 0.739 0.031 0.010
13 0.591 0.723 0.034 0.014
13 0.591 0.708 0.036 0.011
13 0.592 0.693 0.034 0.011
13 0.593 0.679 0.035 0.011
13 0.590 0.661 0.033 0.010
13 0.594 0.648 0.030 0.011
13 0.637 0.667 0.036 0.013
13 0.636 0.684 0.037 0.014
13 0.634 0.699 0.035 0.011
13 0.634 0.714 0.035 0.013
13 0.636 0.731 0.039 0.014
13 0.636 0.748 0.039 0.013
13 0.638 0.762 0.039 0.014
13 0.724 0.745 0.037 0.013
13 0.724 0.729 0.035 0.013
13 0.723 0.712 0.039 0.011
13 0.721 0.697 0.040 0.014
13 0.723 0.679 0.036 0.011
13 0.723 0.665 0.034 0.013
13 0.721 0.649 0.040 0.013
13 0.721 0.635 0.026 0.010
13 0.723 0.618 0.039 0.015
13 0.721 0.602 0.037 0.014
13 0.723 0.584 0.036 0.013
13 0.723 0.570 0.037 0.013
13 0.722 0.551 0.039 0.013
13 0.633 0.571 0.036 0.010
13 0.634 0.602 0.037 0.014
13 0.634 0.618 0.036 0.011
13 0.591 0.634 0.035 0.015
13 0.591 0.618 0.035 0.014
13 0.590 0.602 0.035 0.011
13 0.592 0.588 0.034 0.013
13 0.591 0.572 0.033 0.011
13 0.591 0.557 0.031 0.011
13 0.634 0.556 0.040 0.014
13 0.591 0.526 0.034 0.011
13 0.592 0.510 0.034 0.013
13 0.591 0.495 0.034 0.013
13 0.634 0.507 0.037 0.013
13 0.634 0.490 0.039 0.013
13 0.633 0.522 0.036 0.013
13 0.635 0.540 0.040 0.013
13 0.766 0.512 0.036 0.013
13 0.767 0.527 0.034 0.009
13 0.907 0.520 0.010 0.018
13 0.772 0.615 0.048 0.013
13 0.773 0.632 0.049 0.014
13 0.773 0.546 0.046 0.014
13 0.774 0.562 0.043 0.013
13 0.723 0.410 0.028 0.010
13 0.720 0.423 0.037 0.014
13 0.720 0.455 0.037 0.013
13 0.721 0.472 0.039 0.015
13 0.722 0.487 0.036 0.011
13 0.766 0.458 0.036 0.011
13 0.764 0.443 0.037 0.013
13 0.767 0.425 0.034 0.010
13 0.766 0.410 0.037 0.015
13 0.765 0.361 0.037 0.011
13 0.765 0.347 0.035 0.010
13 0.591 0.375 0.034 0.010
13 0.589 0.464 0.034 0.014
13 0.593 0.449 0.035 0.013
13 0.591 0.436 0.033 0.011
13 0.591 0.418 0.031 0.011
13 0.590 0.404 0.037 0.011
13 0.591 0.389 0.031 0.013
13 0.588 0.359 0.036 0.011
13 0.589 0.286 0.035 0.011
13 0.632 0.285 0.036 0.010
13 0.632 0.300 0.035 0.013
13 0.631 0.316 0.034 0.013
13 0.634 0.331 0.037 0.015
13 0.631 0.347 0.035 0.013
13 0.635 0.362 0.040 0.015
13 0.633 0.394 0.034 0.011
13 0.631 0.410 0.033 0.013
13 0.633 0.424 0.036 0.014
13 0.635 0.441 0.037 0.013
13 0.633 0.458 0.036 0.013
13 0.635 0.476 0.035 0.011
13 0.724 0.289 0.022 0.009
13 0.726 0.300 0.025 0.010
13 0.724 0.315 0.035 0.013
13 0.723 0.330 0.036 0.013
13 0.593 0.206 0.021 0.009
13 0.594 0.217 0.025 0.010
13 0.593 0.229 0.024 0.010
13 0.630 0.221 0.035 0.010
13 0.632 0.236 0.033 0.013
13 0.590 0.256 0.035 0.013
13 0.589 0.269 0.033 0.011
13 0.632 0.268 0.040 0.015
13 0.504 0.153 0.028 0.009
13 0.472 0.153 0.022 0.009
13 0.474 0.165 0.024 0.010
13 0.474 0.176 0.022 0.007
13 0.503 0.164 0.021 0.010
13 0.506 0.176 0.026 0.010
13 0.474 0.212 0.028 0.009
13 0.472 0.224 0.025 0.011
13 0.473 0.236 0.024 0.010
13 0.471 0.252 0.030 0.011
13 0.472 0.265 0.030 0.010
13 0.511 0.279 0.031 0.011
13 0.509 0.294 0.031 0.013
13 0.511 0.309 0.033 0.013
13 0.511 0.323 0.031 0.010
13 0.471 0.319 0.033 0.011
13 0.470 0.333 0.030 0.011
13 0.509 0.339 0.031 0.013
13 0.470 0.346 0.033 0.010
13 0.471 0.359 0.030 0.011
13 0.474 0.374 0.031 0.013
13 0.511 0.368 0.035 0.011
13 0.512 0.383 0.034 0.014
13 0.511 0.401 0.033 0.013
13 0.472 0.387 0.029 0.011
13 0.472 0.400 0.026 0.010
13 0.511 0.413 0.035 0.011
13 0.471 0.416 0.025 0.011
13 0.472 0.427 0.029 0.010
13 0.512 0.430 0.033 0.013
13 0.511 0.445 0.030 0.013
13 0.473 0.443 0.024 0.009
13 0.471 0.456 0.031 0.011
13 0.511 0.461 0.031 0.014
13 0.472 0.471 0.030 0.014
13 0.472 0.482 0.024 0.009
13 0.473 0.499 0.029 0.013
13 0.512 0.477 0.031 0.013
13 0.512 0.492 0.034 0.014
13 0.514 0.507 0.030 0.011
13 0.511 0.523 0.033 0.014
13 0.474 0.539 0.033 0.010
13 0.473 0.554 0.029 0.011
13 0.512 0.537 0.031 0.011
13 0.398 0.164 0.022 0.009
13 0.365 0.177 0.025 0.010
13 0.396 0.177 0.021 0.009
13 0.398 0.188 0.021 0.006
13 0.397 0.201 0.024 0.009
13 0.398 0.212 0.025 0.009
13 0.364 0.190 0.024 0.010
13 0.364 0.238 0.026 0.011
13 0.398 0.237 0.024 0.009
13 0.401 0.251 0.029 0.013
13 0.397 0.264 0.026 0.010
13 0.399 0.279 0.030 0.011
13 0.400 0.291 0.030 0.010
13 0.400 0.306 0.030 0.013
13 0.400 0.320 0.030 0.010
13 0.399 0.334 0.031 0.013
13 0.362 0.252 0.033 0.011
13 0.362 0.265 0.028 0.010
13 0.362 0.279 0.030 0.013
13 0.359 0.293 0.031 0.011
13 0.362 0.307 0.030 0.011
13 0.362 0.320 0.033 0.010
13 0.289 0.138 0.021 0.010
13 0.253 0.142 0.021 0.009
13 0.290 0.152 0.025 0.010
13 0.258 0.154 0.021 0.007
13 0.257 0.164 0.024 0.007
13 0.293 0.164 0.024 0.007
13 0.289 0.176 0.022 0.007
13 0.289 0.188 0.022 0.009
13 0.289 0.211 0.026 0.010
13 0.256 0.201 0.022 0.009
13 0.259 0.211 0.025 0.007
13 0.256 0.223 0.025 0.010
13 0.292 0.223 0.028 0.011
13 0.291 0.235 0.028 0.013
13 0.292 0.249 0.026 0.010
13 0.294 0.262 0.029 0.009
13 0.255 0.249 0.028 0.010
13 0.256 0.263 0.025 0.011
13 0.256 0.276 0.026 0.011
13 0.256 0.289 0.030 0.010
13 0.257 0.301 0.029 0.013
13 0.256 0.315 0.029 0.010
13 0.258 0.328 0.029 0.010
13 0.258 0.341 0.028 0.011
13 0.256 0.354 0.026 0.010
13 0.258 0.367 0.030 0.011
13 0.256 0.379 0.030 0.009
13 0.257 0.393 0.029 0.011
13 0.256 0.419 0.028 0.011
13 0.255 0.432 0.030 0.011
13 0.292 0.301 0.030 0.011
13 0.295 0.313 0.028 0.011
13 0.293 0.327 0.029 0.011
13 0.293 0.341 0.029 0.011
13 0.292 0.367 0.028 0.010
13 0.294 0.379 0.031 0.011
13 0.292 0.393 0.028 0.010
13 0.294 0.406 0.028 0.011
13 0.292 0.419 0.029 0.011
13 0.292 0.432 0.028 0.010
13 0.292 0.446 0.029 0.011
13 0.294 0.458 0.030 0.011
13 0.294 0.471 0.030 0.011
13 0.294 0.484 0.030 0.010
13 0.256 0.459 0.029 0.010
13 0.256 0.471 0.029 0.010
13 0.258 0.485 0.028 0.010
13 0.256 0.499 0.030 0.013
13 0.256 0.511 0.028 0.010
13 0.258 0.524 0.031 0.010
13 0.362 0.347 0.030 0.011
13 0.362 0.360 0.030 0.010
13 0.399 0.361 0.029 0.010
13 0.401 0.374 0.029 0.011
13 0.364 0.374 0.028 0.011
13 0.363 0.388 0.029 0.011
13 0.401 0.388 0.030 0.013
13 0.401 0.403 0.031 0.013
13 0.401 0.415 0.029 0.010
13 0.399 0.428 0.030 0.011
13 0.363 0.415 0.029 0.013
13 0.364 0.428 0.031 0.011
13 0.362 0.444 0.031 0.013
13 0.363 0.456 0.029 0.013
13 0.362 0.471 0.030 0.011
13 0.399 0.456 0.030 0.011
13 0.401 0.472 0.026 0.009
13 0.401 0.484 0.031 0.011
13 0.401 0.499 0.029 0.009
13 0.403 0.512 0.031 0.013
13 0.362 0.498 0.030 0.011
13 0.365 0.514 0.030 0.013
13 0.402 0.526 0.034 0.013
13 0.259 0.538 0.030 0.011
13 0.151 0.189 0.018 0.007
13 0.189 0.190 0.024 0.007
13 0.154 0.202 0.024 0.011
13 0.188 0.203 0.022 0.007
13 0.155 0.214 0.028 0.010
13 0.155 0.224 0.025 0.009
13 0.188 0.226 0.026 0.009
13 0.189 0.237 0.029 0.013
13 0.190 0.252 0.025 0.011
13 0.093 0.225 0.026 0.010
13 0.092 0.179 0.021 0.009
13 0.092 0.237 0.025 0.007
13 0.091 0.251 0.024 0.009
13 0.154 0.273 0.026 0.010
13 0.156 0.285 0.028 0.010
13 0.189 0.278 0.025 0.010
13 0.189 0.290 0.025 0.010
13 0.059 0.274 0.025 0.009
13 0.091 0.285 0.025 0.010
13 0.058 0.285 0.024 0.007
13 0.058 0.298 0.025 0.009
13 0.090 0.296 0.025 0.010
13 0.091 0.309 0.025 0.011
13 0.059 0.323 0.029 0.011
13 0.091 0.322 0.022 0.006
13 0.092 0.334 0.025 0.010
13 0.059 0.335 0.026 0.010
13 0.056 0.348 0.024 0.011
13 0.092 0.346 0.026 0.010
13 0.093 0.357 0.026 0.009
13 0.092 0.368 0.026 0.011
13 0.059 0.359 0.028 0.010
13 0.156 0.309 0.029 0.010
13 0.190 0.304 0.028 0.009
13 0.191 0.316 0.026 0.010
13 0.191 0.331 0.029 0.013
13 0.191 0.344 0.024 0.010
13 0.155 0.321 0.028 0.010
13 0.155 0.333 0.028 0.009
13 0.191 0.359 0.029 0.009
13 0.189 0.385 0.025 0.010
13 0.191 0.398 0.028 0.009
13 0.155 0.379 0.028 0.011
13 0.154 0.393 0.028 0.010
13 0.190 0.414 0.030 0.010
13 0.190 0.426 0.028 0.009
13 0.058 0.384 0.028 0.010
13 0.092 0.381 0.028 0.009
13 0.091 0.394 0.020 0.007
13 0.094 0.406 0.028 0.011
13 0.059 0.396 0.025 0.010
13 0.058 0.408 0.025 0.009
13 0.058 0.432 0.025 0.009
13 0.058 0.445 0.025 0.010
13 0.059 0.456 0.025 0.007
13 0.059 0.468 0.028 0.011
13 0.060 0.481 0.025 0.009
13 0.059 0.492 0.026 0.009
13 0.059 0.505 0.028 0.010
13 0.093 0.504 0.021 0.010
13 0.093 0.517 0.024 0.009
13 0.060 0.517 0.022 0.009
13 0.059 0.529 0.024 0.011
13 0.059 0.543 0.029 0.011
13 0.156 0.453 0.024 0.009
13 0.156 0.467 0.029 0.011
13 0.191 0.467 0.026 0.011
13 0.192 0.479 0.024 0.009
13 0.155 0.479 0.025 0.009
13 0.191 0.494 0.028 0.013
13 0.193 0.507 0.030 0.013
13 0.156 0.528 0.025 0.009
13 0.191 0.534 0.028 0.013
13 0.158 0.542 0.024 0.010
13 0.158 0.552 0.024 0.010
13 0.191 0.548 0.028 0.011
13 0.916 0.771 0.009 0.025
13 0.924 0.884 0.021 0.011
13 0.892 0.476 0.013 0.022