11 0.498 0.167 0.324 0.331
11 0.385 0.666 0.095 0.667
11 0.688 0.389 0.362 0.166
11 0.721 0.680 0.278 0.203
11 0.769 0.925 0.395 0.147
11 0.850 0.145 0.228 0.287
11 0.948 0.639 0.040 0.720
11 0.532 0.741 0.099 0.491
13 0.386 0.941 0.058 0.019
13 0.378 0.964 0.044 0.013
13 0.391 0.879 0.062 0.019
13 0.376 0.907 0.055 0.019
13 0.381 0.848 0.066 0.015
13 0.383 0.818 0.050 0.019
13 0.389 0.789 0.064 0.019
13 0.531 0.833 0.052 0.015
13 0.530 0.863 0.062 0.022
13 0.524 0.894 0.076 0.021
13 0.537 0.922 0.045 0.018
13 0.526 0.953 0.065 0.020
13 0.593 0.924 0.020 0.072
13 0.629 0.929 0.020 0.084
13 0.661 0.936 0.024 0.075
13 0.692 0.931 0.024 0.086
13 0.727 0.933 0.021 0.074
13 0.389 0.731 0.065 0.018
13 0.387 0.640 0.061 0.020
13 0.388 0.699 0.072 0.019
13 0.381 0.667 0.043 0.016
13 0.528 0.743 0.071 0.022
13 0.529 0.774 0.069 0.021
13 0.593 0.728 0.021 0.076
13 0.630 0.731 0.028 0.087
13 0.696 0.733 0.025 0.085
13 0.601 0.630 0.024 0.070
13 0.631 0.625 0.025 0.077
13 0.668 0.626 0.021 0.075
13 0.699 0.626 0.024 0.081
13 0.736 0.626 0.022 0.076
13 0.536 0.687 0.018 0.009
13 0.534 0.712 0.044 0.014
13 0.534 0.653 0.059 0.021
13 0.384 0.581 0.058 0.018
13 0.534 0.624 0.060 0.021
13 0.537 0.594 0.055 0.016
13 0.389 0.547 0.048 0.015
13 0.535 0.569 0.060 0.020
13 0.386 0.522 0.060 0.019
13 0.532 0.537 0.069 0.019
13 0.536 0.509 0.065 0.020
13 0.381 0.487 0.040 0.010
13 0.391 0.431 0.064 0.021
13 0.390 0.463 0.065 0.020
13 0.388 0.345 0.062 0.015
13 0.541 0.386 0.050 0.025
13 0.537 0.450 0.056 0.020
13 0.421 0.295 0.049 0.033
18 0.371 0.245 0.022 0.013
13 0.454 0.247 0.052 0.040
13 0.492 0.198 0.070 0.051
13 0.588 0.344 0.026 0.075
13 0.601 0.433 0.022 0.074
13 0.633 0.431 0.024 0.074
13 0.672 0.433 0.022 0.074
13 0.700 0.428 0.020 0.061
13 0.739 0.431 0.022 0.070
13 0.620 0.341 0.015 0.044
13 0.644 0.343 0.018 0.051
13 0.673 0.346 0.019 0.060
13 0.702 0.344 0.019 0.060
13 0.757 0.349 0.019 0.058
13 0.359 0.171 0.016 0.025
13 0.516 0.172 0.075 0.050
13 0.547 0.147 0.089 0.065
13 0.568 0.114 0.083 0.059
13 0.587 0.077 0.094 0.059
13 0.625 0.018 0.068 0.033
13 0.789 0.929 0.025 0.083
13 0.863 0.921 0.025 0.095
13 0.898 0.921 0.026 0.101
13 0.941 0.877 0.013 0.036
13 0.943 0.919 0.011 0.028
13 0.941 0.959 0.014 0.029
13 0.943 0.781 0.011 0.026
13 0.943 0.824 0.010 0.025
13 0.943 0.724 0.015 0.029
13 0.941 0.686 0.011 0.026
13 0.941 0.645 0.010 0.033
13 0.833 0.760 0.013 0.030
13 0.842 0.667 0.029 0.129
13 0.803 0.626 0.024 0.079
13 0.946 0.444 0.014 0.031
13 0.946 0.481 0.009 0.031
13 0.944 0.391 0.014 0.031
13 0.769 0.436 0.024 0.071
13 0.804 0.436 0.026 0.074
13 0.843 0.426 0.031 0.090
13 0.784 0.349 0.016 0.049
13 0.907 0.238 0.025 0.029
13 0.934 0.273 0.028 0.031
13 0.881 0.206 0.022 0.026
13 0.828 0.139 0.022 0.028
13 0.801 0.108 0.018 0.021
13 0.776 0.074 0.025 0.026
13 0.751 0.042 0.018 0.019
18 0.244 0.979 0.024 0.011
18 0.312 0.914 0.026 0.011
18 0.310 0.938 0.028 0.014
18 0.240 0.877 0.022 0.011
18 0.314 0.840 0.029 0.013
18 0.026 0.981 0.016 0.020
18 0.319 0.460 0.028 0.010
18 0.117 0.184 0.018 0.025
18 0.180 0.202 0.028 0.014
18 0.224 0.206 0.015 0.019
18 0.247 0.106 0.026 0.015
18 0.275 0.128 0.013 0.025
18 0.299 0.085 0.013 0.020
18 0.399 0.112 0.019 0.026
18 0.424 0.068 0.021 0.028
18 0.428 0.149 0.024 0.019
18 0.508 0.026 0.024 0.020
18 0.462 0.013 0.021 0.021