18 0.352 0.861 0.011 0.022
18 0.373 0.875 0.014 0.020
18 0.549 0.762 0.029 0.059
18 0.541 0.751 0.018 0.025
18 0.631 0.731 0.020 0.034
18 0.654 0.772 0.022 0.028
18 0.665 0.713 0.015 0.026
18 0.674 0.738 0.021 0.034
18 0.709 0.667 0.018 0.026
18 0.726 0.634 0.016 0.026
18 0.741 0.601 0.019 0.031
18 0.645 0.588 0.015 0.026
18 0.487 0.606 0.016 0.029
18 0.428 0.584 0.016 0.025
18 0.550 0.533 0.018 0.026
18 0.676 0.540 0.014 0.025
18 0.681 0.452 0.018 0.026
18 0.666 0.444 0.016 0.026
18 0.692 0.490 0.019 0.035
18 0.702 0.484 0.014 0.024
18 0.795 0.031 0.018 0.031
18 0.664 0.234 0.016 0.024
18 0.709 0.201 0.015 0.026
18 0.532 0.703 0.015 0.026
18 0.421 0.555 0.030 0.050
18 0.416 0.508 0.015 0.029
18 0.366 0.511 0.020 0.035
18 0.329 0.289 0.025 0.011
18 0.483 0.465 0.016 0.028
18 0.530 0.359 0.030 0.055
18 0.375 0.445 0.018 0.028
18 0.393 0.407 0.018 0.026
18 0.390 0.394 0.013 0.020
18 0.399 0.436 0.018 0.028
18 0.422 0.436 0.020 0.034
18 0.422 0.405 0.016 0.025
18 0.409 0.374 0.015 0.028
18 0.426 0.339 0.019 0.026
18 0.444 0.376 0.015 0.029
18 0.431 0.364 0.018 0.030
18 0.446 0.333 0.014 0.022
18 0.464 0.348 0.015 0.026
18 0.482 0.354 0.016 0.026
18 0.519 0.294 0.021 0.033
18 0.473 0.314 0.029 0.013
18 0.513 0.229 0.026 0.018
0 0.674 0.547 0.562 0.834
0 0.415 0.516 0.547 0.796