11 0.518 0.534 0.664 0.914
11 0.484 0.894 0.556 0.211
13 0.311 0.139 0.156 0.059
13 0.278 0.208 0.185 0.059
13 0.296 0.272 0.155 0.059
13 0.318 0.334 0.130 0.037
13 0.297 0.403 0.180 0.069
13 0.278 0.486 0.150 0.044
13 0.544 0.262 0.075 0.254
13 0.635 0.295 0.072 0.203
13 0.710 0.100 0.122 0.045
13 0.720 0.193 0.085 0.033
13 0.732 0.236 0.076 0.030
13 0.753 0.282 0.076 0.030
13 0.752 0.331 0.084 0.034
13 0.761 0.377 0.080 0.036
13 0.586 0.449 0.186 0.058
13 0.761 0.472 0.070 0.031
13 0.606 0.519 0.171 0.054
13 0.767 0.516 0.075 0.033
13 0.779 0.561 0.076 0.035
13 0.618 0.594 0.159 0.055
13 0.624 0.659 0.171 0.051
13 0.791 0.655 0.070 0.033
13 0.790 0.700 0.070 0.033
13 0.637 0.732 0.161 0.054
13 0.703 0.784 0.054 0.040
13 0.791 0.754 0.059 0.033
13 0.789 0.849 0.046 0.022
13 0.718 0.866 0.046 0.022
13 0.651 0.917 0.026 0.049
13 0.357 0.882 0.058 0.170
13 0.254 0.925 0.040 0.095