15 0.086 0.404 0.113 0.113
15 0.230 0.404 0.117 0.115
15 0.089 0.544 0.117 0.110
15 0.414 0.367 0.121 0.125
15 0.574 0.316 0.140 0.140
15 0.484 0.488 0.041 0.036
15 0.718 0.258 0.098 0.104
15 0.816 0.347 0.109 0.113
15 0.938 0.259 0.100 0.104
15 0.939 0.404 0.102 0.104
15 0.724 0.476 0.126 0.124
15 0.938 0.552 0.105 0.100
15 0.938 0.698 0.105 0.101
15 0.274 0.680 0.013 0.013
15 0.290 0.684 0.015 0.013
15 0.276 0.696 0.014 0.013
15 0.291 0.696 0.011 0.013
15 0.276 0.709 0.015 0.015
15 0.277 0.722 0.014 0.014
15 0.276 0.735 0.014 0.013
15 0.276 0.749 0.014 0.011
15 0.275 0.764 0.015 0.013
15 0.278 0.779 0.013 0.011
15 0.290 0.709 0.013 0.011
15 0.290 0.721 0.018 0.013
15 0.290 0.736 0.018 0.013
15 0.290 0.750 0.015 0.013
15 0.291 0.763 0.014 0.014
15 0.291 0.778 0.015 0.014
18 0.752 0.147 0.013 0.015
18 0.779 0.121 0.009 0.005
18 0.896 0.075 0.009 0.018
15 0.703 0.086 0.009 0.019