13 0.862 0.595 0.049 0.052
13 0.654 0.354 0.056 0.035
13 0.568 0.676 0.058 0.036
13 0.667 0.632 0.060 0.030
13 0.523 0.839 0.074 0.036
13 0.764 0.256 0.068 0.037
13 0.619 0.829 0.062 0.039
13 0.686 0.230 0.075 0.037
13 0.680 0.264 0.055 0.028
13 0.750 0.311 0.058 0.033
13 0.746 0.346 0.065 0.036
13 0.637 0.422 0.050 0.029
13 0.632 0.454 0.044 0.026
13 0.694 0.507 0.050 0.022
13 0.685 0.537 0.055 0.033
13 0.676 0.563 0.054 0.029
13 0.591 0.641 0.049 0.025
13 0.589 0.610 0.056 0.033
11 0.642 0.593 0.329 0.784