11 0.376 0.334 0.122 0.109
11 0.469 0.254 0.126 0.115
11 0.316 0.427 0.084 0.085
11 0.223 0.529 0.126 0.155
11 0.287 0.585 0.142 0.163
11 0.370 0.649 0.150 0.156
11 0.448 0.717 0.151 0.164
11 0.537 0.780 0.159 0.198
11 0.511 0.414 0.292 0.309
11 0.621 0.474 0.305 0.354
11 0.719 0.537 0.321 0.389
13 0.482 0.855 0.046 0.037
13 0.479 0.832 0.022 0.019
13 0.489 0.821 0.026 0.022
13 0.506 0.796 0.020 0.019
13 0.516 0.787 0.024 0.024
13 0.529 0.777 0.020 0.019
13 0.534 0.764 0.025 0.024
13 0.542 0.751 0.030 0.025
13 0.520 0.844 0.018 0.015
13 0.530 0.836 0.025 0.020
13 0.542 0.826 0.025 0.022
13 0.547 0.814 0.022 0.020
13 0.557 0.802 0.029 0.022
13 0.567 0.789 0.029 0.024
13 0.587 0.770 0.019 0.015
13 0.560 0.729 0.028 0.026
13 0.569 0.721 0.015 0.015
13 0.599 0.759 0.018 0.018
13 0.605 0.748 0.025 0.022
13 0.393 0.780 0.039 0.037
13 0.393 0.757 0.025 0.020
13 0.401 0.748 0.021 0.020
13 0.419 0.783 0.024 0.024
13 0.410 0.738 0.020 0.018
13 0.419 0.728 0.022 0.020
13 0.440 0.762 0.020 0.020
13 0.453 0.739 0.022 0.020
13 0.460 0.731 0.015 0.011
13 0.472 0.720 0.015 0.015
13 0.442 0.696 0.021 0.020
13 0.451 0.686 0.019 0.019
13 0.479 0.710 0.021 0.020
13 0.494 0.688 0.019 0.016
13 0.459 0.675 0.019 0.015
13 0.476 0.655 0.024 0.020
13 0.483 0.646 0.021 0.020
13 0.503 0.678 0.021 0.019
13 0.512 0.666 0.022 0.020
13 0.512 0.638 0.028 0.024
13 0.532 0.616 0.024 0.020
13 0.487 0.599 0.020 0.018
13 0.496 0.588 0.020 0.019
13 0.311 0.713 0.037 0.030
13 0.321 0.682 0.020 0.018
13 0.349 0.706 0.024 0.021
13 0.359 0.694 0.019 0.019
13 0.374 0.672 0.022 0.020
13 0.338 0.659 0.022 0.020
13 0.355 0.641 0.020 0.019
13 0.379 0.609 0.021 0.019
13 0.367 0.619 0.013 0.015
13 0.393 0.654 0.020 0.020
13 0.407 0.634 0.025 0.021
13 0.424 0.614 0.019 0.018
13 0.434 0.604 0.025 0.024
13 0.396 0.589 0.020 0.019
13 0.404 0.580 0.026 0.020
13 0.236 0.650 0.035 0.035
13 0.233 0.624 0.021 0.020
13 0.242 0.616 0.016 0.015
13 0.253 0.603 0.013 0.011
13 0.261 0.598 0.015 0.013
13 0.267 0.584 0.021 0.020
13 0.277 0.576 0.016 0.016
13 0.268 0.636 0.018 0.019
13 0.279 0.628 0.019 0.019
13 0.296 0.608 0.021 0.016
13 0.304 0.598 0.020 0.018
13 0.312 0.586 0.014 0.014
13 0.292 0.556 0.014 0.014
13 0.309 0.534 0.022 0.021
13 0.329 0.568 0.022 0.021
13 0.324 0.511 0.019 0.014
13 0.175 0.597 0.015 0.016
13 0.173 0.563 0.014 0.019
13 0.184 0.591 0.020 0.016
13 0.191 0.578 0.013 0.014
13 0.197 0.570 0.016 0.015
13 0.206 0.560 0.020 0.018
13 0.217 0.555 0.011 0.013
13 0.223 0.541 0.020 0.020
13 0.232 0.534 0.014 0.014
13 0.239 0.524 0.019 0.015
13 0.247 0.513 0.021 0.019
13 0.255 0.505 0.022 0.015
13 0.264 0.496 0.021 0.016
13 0.271 0.482 0.015 0.015
13 0.278 0.472 0.019 0.019
13 0.252 0.469 0.014 0.015
13 0.208 0.522 0.011 0.011
13 0.551 0.584 0.021 0.021
13 0.512 0.563 0.024 0.021
13 0.573 0.691 0.028 0.026
13 0.668 0.646 0.029 0.024
13 0.659 0.661 0.026 0.028
13 0.636 0.611 0.022 0.025
13 0.619 0.631 0.030 0.030
13 0.564 0.572 0.026 0.021
13 0.521 0.554 0.024 0.021
13 0.531 0.544 0.025 0.024
13 0.540 0.531 0.028 0.025
13 0.602 0.654 0.024 0.021
13 0.590 0.665 0.025 0.025
13 0.579 0.677 0.022 0.020
13 0.606 0.718 0.030 0.030
13 0.619 0.706 0.026 0.025
13 0.629 0.696 0.026 0.025
13 0.663 0.577 0.029 0.029
13 0.657 0.591 0.021 0.019
13 0.707 0.599 0.034 0.031
13 0.677 0.569 0.026 0.018
13 0.684 0.556 0.021 0.021
13 0.695 0.545 0.025 0.018
13 0.709 0.522 0.024 0.020
13 0.731 0.578 0.029 0.024
13 0.745 0.552 0.033 0.028
13 0.757 0.541 0.033 0.028
13 0.767 0.529 0.033 0.029
13 0.779 0.516 0.034 0.031
13 0.788 0.504 0.034 0.031
13 0.797 0.493 0.035 0.031
13 0.827 0.456 0.026 0.024
13 0.843 0.431 0.029 0.024
13 0.739 0.489 0.030 0.026
13 0.747 0.479 0.026 0.022
13 0.754 0.468 0.024 0.020
13 0.766 0.454 0.026 0.024
13 0.774 0.443 0.022 0.019
13 0.786 0.435 0.026 0.020
13 0.792 0.422 0.025 0.019
13 0.803 0.412 0.026 0.021
13 0.813 0.402 0.029 0.026
13 0.824 0.392 0.022 0.019
13 0.863 0.406 0.028 0.025
13 0.833 0.380 0.028 0.025
13 0.840 0.367 0.028 0.025
13 0.584 0.549 0.030 0.026
13 0.594 0.537 0.029 0.028
13 0.558 0.511 0.026 0.025
13 0.568 0.499 0.028 0.025
13 0.576 0.487 0.024 0.024
13 0.586 0.477 0.028 0.022
13 0.605 0.454 0.030 0.026
13 0.640 0.483 0.022 0.021
13 0.624 0.432 0.028 0.020
13 0.657 0.463 0.026 0.022
13 0.641 0.408 0.025 0.021
13 0.664 0.448 0.024 0.024
13 0.661 0.390 0.026 0.025
13 0.674 0.436 0.025 0.025
13 0.677 0.367 0.026 0.028
13 0.719 0.384 0.022 0.018
13 0.695 0.345 0.020 0.015
13 0.704 0.335 0.025 0.020
13 0.713 0.323 0.030 0.028
13 0.723 0.310 0.030 0.028
13 0.753 0.313 0.034 0.031
13 0.749 0.350 0.022 0.018
13 0.741 0.363 0.029 0.021
13 0.731 0.374 0.019 0.019
13 0.415 0.556 0.025 0.025
13 0.424 0.545 0.024 0.022
13 0.433 0.535 0.024 0.022
13 0.443 0.524 0.025 0.022
13 0.381 0.529 0.025 0.022
13 0.391 0.518 0.024 0.021
13 0.399 0.507 0.024 0.021
13 0.418 0.486 0.021 0.018
13 0.449 0.512 0.026 0.025
13 0.461 0.502 0.026 0.024
13 0.469 0.491 0.026 0.024
13 0.476 0.477 0.025 0.021
13 0.424 0.474 0.024 0.020
13 0.434 0.465 0.022 0.020
13 0.444 0.456 0.025 0.021
13 0.462 0.433 0.021 0.019
13 0.496 0.457 0.028 0.024
13 0.516 0.434 0.029 0.029
13 0.522 0.427 0.030 0.029
13 0.532 0.413 0.022 0.021
13 0.541 0.401 0.026 0.021
13 0.561 0.378 0.026 0.021
13 0.479 0.413 0.025 0.021
13 0.489 0.401 0.024 0.020
13 0.497 0.391 0.026 0.024
13 0.505 0.379 0.025 0.019
13 0.514 0.369 0.020 0.019
13 0.526 0.360 0.026 0.020
13 0.539 0.334 0.016 0.014
13 0.578 0.357 0.024 0.019
13 0.597 0.336 0.026 0.025
13 0.614 0.314 0.029 0.026
13 0.631 0.291 0.028 0.024
13 0.642 0.280 0.030 0.025
13 0.548 0.328 0.021 0.020
13 0.560 0.319 0.020 0.022
13 0.568 0.307 0.020 0.025
13 0.577 0.296 0.024 0.022
13 0.583 0.284 0.024 0.022
13 0.603 0.266 0.013 0.013
13 0.311 0.454 0.031 0.030
13 0.316 0.431 0.036 0.030
13 0.419 0.367 0.036 0.037
13 0.383 0.361 0.021 0.034
13 0.374 0.353 0.018 0.024
13 0.398 0.323 0.021 0.025
13 0.419 0.341 0.021 0.024
13 0.361 0.343 0.021 0.033
13 0.466 0.285 0.021 0.030
13 0.432 0.258 0.020 0.022
13 0.507 0.263 0.026 0.034
13 0.417 0.247 0.018 0.022
13 0.495 0.250 0.025 0.033
13 0.482 0.240 0.028 0.035
13 0.459 0.224 0.021 0.028
13 0.449 0.213 0.029 0.034