11 0.726 0.782 0.119 0.374
11 0.460 0.521 0.212 0.910
11 0.923 0.065 0.154 0.092
11 0.976 0.154 0.048 0.016
11 0.877 0.368 0.246 0.344
11 0.961 0.785 0.077 0.383
13 0.509 0.086 0.109 0.036
13 0.503 0.176 0.099 0.031
13 0.505 0.321 0.090 0.033
13 0.404 0.331 0.070 0.024
13 0.517 0.364 0.099 0.037
13 0.507 0.403 0.098 0.035
13 0.408 0.468 0.066 0.026
13 0.396 0.507 0.086 0.030
13 0.516 0.480 0.107 0.035
13 0.513 0.524 0.106 0.036
13 0.399 0.744 0.071 0.025
13 0.749 0.696 0.060 0.026
13 0.759 0.723 0.060 0.026
13 0.953 0.641 0.060 0.026
13 0.958 0.707 0.071 0.029
13 0.966 0.805 0.068 0.022
13 0.931 0.401 0.086 0.033
13 0.934 0.443 0.091 0.034
13 0.932 0.478 0.091 0.034
13 0.926 0.226 0.107 0.036
13 0.789 0.224 0.066 0.022
13 0.873 0.066 0.035 0.084