11 0.629 0.161 0.573 0.154
11 0.628 0.491 0.551 0.255
11 0.670 0.861 0.532 0.216
13 0.482 0.188 0.029 0.098
13 0.530 0.192 0.028 0.081
13 0.681 0.178 0.046 0.129
13 0.778 0.175 0.049 0.122
13 0.845 0.159 0.048 0.109
13 0.789 0.423 0.041 0.121
13 0.524 0.566 0.039 0.094
13 0.745 0.566 0.040 0.102
13 0.838 0.561 0.040 0.102
13 0.419 0.796 0.028 0.081
13 0.882 0.561 0.039 0.111
13 0.416 0.881 0.028 0.060
13 0.522 0.799 0.031 0.094
13 0.561 0.801 0.031 0.094
13 0.522 0.921 0.031 0.085
13 0.556 0.922 0.031 0.085
13 0.613 0.802 0.031 0.085
13 0.698 0.799 0.037 0.092
13 0.677 0.917 0.037 0.092
13 0.716 0.922 0.035 0.086
13 0.789 0.926 0.035 0.086
13 0.825 0.803 0.035 0.086
13 0.868 0.812 0.036 0.095
13 0.916 0.812 0.036 0.095