11 0.336 0.234 0.128 0.316
11 0.728 0.743 0.443 0.226
11 0.556 0.156 0.138 0.193
11 0.586 0.488 0.446 0.171
13 0.489 0.298 0.022 0.051
13 0.938 0.038 0.068 0.029
13 0.346 0.098 0.099 0.029
13 0.331 0.149 0.059 0.021
13 0.336 0.181 0.059 0.021
13 0.337 0.204 0.059 0.021
13 0.516 0.078 0.059 0.021
13 0.588 0.074 0.059 0.021
13 0.521 0.204 0.059 0.021
13 0.602 0.212 0.051 0.019
13 0.415 0.502 0.102 0.030
13 0.490 0.448 0.022 0.051
13 0.424 0.535 0.087 0.022
13 0.517 0.446 0.022 0.051
13 0.632 0.433 0.022 0.051
13 0.504 0.536 0.030 0.077
13 0.532 0.527 0.028 0.069
13 0.598 0.524 0.028 0.069
13 0.661 0.522 0.028 0.069
13 0.677 0.779 0.028 0.062
13 0.551 0.839 0.090 0.028