12 0.233 0.177 0.177 0.140
18 0.821 0.897 0.022 0.024
18 0.702 0.550 0.019 0.022
18 0.784 0.675 0.010 0.022
18 0.751 0.689 0.013 0.024
18 0.616 0.414 0.021 0.022
18 0.603 0.426 0.026 0.029
18 0.289 0.198 0.009 0.011
18 0.325 0.198 0.010 0.013
18 0.282 0.266 0.021 0.025
18 0.377 0.472 0.019 0.025
18 0.400 0.504 0.022 0.026
18 0.419 0.557 0.021 0.028
18 0.448 0.590 0.022 0.025
18 0.476 0.652 0.015 0.018
18 0.509 0.696 0.018 0.021
18 0.566 0.665 0.022 0.025
18 0.572 0.722 0.014 0.016
0 0.471 0.595 0.522 0.542
0 0.617 0.465 0.471 0.600