13 0.021 0.983 0.040 0.015
13 0.088 0.983 0.036 0.015
13 0.275 0.968 0.035 0.010
13 0.274 0.987 0.036 0.014
13 0.234 0.136 0.020 0.065
13 0.534 0.040 0.025 0.010
13 0.536 0.060 0.036 0.010
11 0.540 0.048 0.070 0.009
11 0.577 0.217 0.044 0.166
11 0.167 0.294 0.131 0.014
11 0.169 0.256 0.130 0.014
11 0.171 0.203 0.128 0.015
13 0.268 0.817 0.007 0.011
18 0.757 0.514 0.026 0.009
18 0.770 0.432 0.022 0.007
18 0.772 0.445 0.020 0.007
18 0.899 0.534 0.028 0.010
6 0.378 0.455 0.585 0.142
18 0.715 0.021 0.010 0.020