13 0.591 0.371 0.018 0.034
13 0.616 0.423 0.020 0.036
13 0.654 0.502 0.021 0.044
13 0.702 0.601 0.026 0.040
13 0.696 0.644 0.025 0.041
13 0.726 0.647 0.029 0.037
13 0.691 0.759 0.021 0.033
13 0.750 0.757 0.018 0.034
13 0.761 0.799 0.019 0.006
13 0.658 0.562 0.019 0.030
13 0.614 0.467 0.022 0.034
13 0.643 0.651 0.031 0.041
13 0.623 0.672 0.014 0.019
13 0.606 0.644 0.019 0.029
13 0.716 0.864 0.021 0.026
13 0.737 0.858 0.014 0.024
13 0.586 0.659 0.011 0.019
13 0.562 0.672 0.014 0.019
13 0.578 0.697 0.014 0.019
13 0.534 0.693 0.013 0.019
13 0.530 0.734 0.015 0.021
13 0.560 0.715 0.015 0.018
13 0.513 0.707 0.014 0.021
13 0.501 0.714 0.016 0.019
13 0.478 0.728 0.011 0.020
13 0.509 0.747 0.015 0.019
13 0.412 0.738 0.026 0.037
13 0.780 0.159 0.013 0.021
13 0.567 0.318 0.029 0.046
13 0.566 0.366 0.028 0.039
13 0.531 0.375 0.037 0.028
13 0.512 0.404 0.028 0.019
13 0.494 0.437 0.036 0.029
13 0.494 0.354 0.035 0.026
13 0.461 0.484 0.031 0.028
13 0.446 0.508 0.036 0.024
13 0.429 0.529 0.026 0.021
13 0.416 0.552 0.022 0.015
13 0.403 0.573 0.025 0.014
13 0.386 0.593 0.019 0.014
13 0.372 0.615 0.019 0.018
13 0.403 0.669 0.016 0.013
13 0.359 0.637 0.019 0.016
13 0.333 0.727 0.020 0.011
13 0.346 0.755 0.014 0.013
13 0.369 0.797 0.019 0.011
13 0.393 0.754 0.018 0.014
13 0.421 0.802 0.019 0.013
13 0.446 0.843 0.015 0.016
13 0.390 0.839 0.025 0.020
13 0.476 0.918 0.020 0.031
13 0.497 0.914 0.010 0.024
13 0.704 0.907 0.010 0.021
13 0.730 0.899 0.010 0.021
13 0.512 0.618 0.029 0.026
13 0.562 0.829 0.018 0.026
13 0.471 0.386 0.041 0.033
13 0.481 0.368 0.034 0.024
13 0.478 0.453 0.026 0.016
13 0.344 0.657 0.020 0.018
13 0.554 0.518 0.036 0.039
13 0.582 0.547 0.021 0.022
13 0.686 0.647 0.024 0.034
13 0.416 0.795 0.019 0.013
13 0.399 0.771 0.021 0.011
13 0.383 0.824 0.018 0.015
13 0.426 0.812 0.016 0.014
13 0.576 0.665 0.013 0.015
13 0.539 0.728 0.015 0.022
13 0.518 0.743 0.014 0.020
13 0.615 0.679 0.013 0.019
13 0.635 0.665 0.015 0.018
11 0.554 0.642 0.526 0.711