11 0.537 0.611 0.661 0.203
11 0.526 0.396 0.670 0.128
11 0.467 0.171 0.566 0.158
18 0.052 0.326 0.069 0.034
18 0.071 0.428 0.019 0.036
18 0.097 0.437 0.016 0.021
18 0.207 0.969 0.052 0.024
18 0.140 0.132 0.030 0.014
18 0.028 0.149 0.016 0.036
13 0.726 0.369 0.072 0.025
13 0.839 0.391 0.039 0.110
13 0.228 0.562 0.040 0.113
13 0.846 0.627 0.041 0.130
13 0.564 0.669 0.030 0.085
13 0.739 0.657 0.026 0.066
13 0.798 0.578 0.024 0.048
13 0.516 0.573 0.026 0.059
13 0.415 0.590 0.022 0.055
13 0.392 0.372 0.079 0.028
13 0.374 0.429 0.020 0.052
13 0.403 0.237 0.100 0.030
13 0.713 0.139 0.026 0.079
13 0.634 0.161 0.026 0.087
13 0.560 0.166 0.033 0.092
13 0.446 0.152 0.036 0.119
13 0.339 0.160 0.037 0.090
13 0.586 0.571 0.021 0.064
13 0.276 0.429 0.025 0.052
13 0.492 0.159 0.033 0.094
13 0.309 0.429 0.022 0.054
13 0.302 0.151 0.018 0.056
13 0.412 0.179 0.029 0.051
13 0.597 0.166 0.034 0.094
13 0.676 0.168 0.044 0.095