16 0.132 0.392 0.059 0.109
16 0.146 0.687 0.059 0.109
16 0.224 0.682 0.059 0.109
16 0.218 0.534 0.059 0.109
16 0.139 0.538 0.059 0.109
16 0.206 0.387 0.059 0.109
16 0.233 0.828 0.059 0.109
16 0.156 0.832 0.059 0.109
16 0.324 0.453 0.101 0.196
16 0.719 0.429 0.101 0.196
16 0.588 0.437 0.101 0.196
16 0.456 0.446 0.101 0.196
16 0.733 0.726 0.101 0.196
16 0.604 0.733 0.101 0.196
16 0.474 0.741 0.101 0.196
16 0.343 0.749 0.101 0.196
18 0.199 0.128 0.048 0.024
18 0.192 0.180 0.046 0.022
18 0.213 0.050 0.039 0.025
18 0.948 0.281 0.039 0.015
18 0.956 0.372 0.034 0.014