11 0.233 0.605 0.251 0.302
11 0.618 0.602 0.223 0.299
11 0.875 0.571 0.200 0.351
11 0.395 0.239 0.055 0.077
11 0.739 0.200 0.065 0.090
11 0.787 0.036 0.043 0.066
13 0.374 0.232 0.024 0.054
13 0.407 0.237 0.028 0.072
13 0.721 0.216 0.014 0.045
13 0.753 0.192 0.024 0.079
13 0.779 0.043 0.021 0.062
13 0.924 0.422 0.086 0.049
13 0.884 0.502 0.058 0.026
13 0.809 0.708 0.052 0.024
13 0.644 0.598 0.068 0.022
13 0.308 0.491 0.064 0.025
13 0.605 0.703 0.055 0.020
13 0.213 0.490 0.064 0.025
13 0.286 0.573 0.076 0.039
13 0.168 0.702 0.020 0.041
13 0.134 0.700 0.028 0.062