11 0.541 0.778 0.529 0.106
11 0.846 0.687 0.087 0.406
11 0.519 0.623 0.590 0.102
11 0.516 0.497 0.579 0.075
11 0.516 0.389 0.568 0.089
11 0.359 0.263 0.251 0.068
11 0.331 0.153 0.163 0.069
13 0.561 0.862 0.019 0.009
13 0.746 0.864 0.022 0.006
11 0.636 0.304 0.276 0.019
13 0.243 0.361 0.014 0.029
13 0.257 0.361 0.014 0.029
13 0.268 0.360 0.011 0.033
13 0.280 0.362 0.013 0.031
13 0.295 0.362 0.013 0.031
13 0.309 0.363 0.014 0.034
13 0.334 0.367 0.013 0.026
13 0.349 0.366 0.013 0.029
13 0.361 0.364 0.011 0.029
13 0.374 0.364 0.014 0.033
13 0.388 0.366 0.013 0.028
13 0.401 0.366 0.013 0.029
13 0.414 0.367 0.011 0.029
13 0.443 0.366 0.015 0.035
13 0.470 0.364 0.013 0.030
13 0.494 0.368 0.011 0.031
13 0.483 0.368 0.011 0.031
13 0.239 0.642 0.018 0.037
13 0.254 0.639 0.015 0.040
13 0.270 0.642 0.018 0.040
13 0.286 0.639 0.015 0.036
13 0.302 0.641 0.016 0.031
13 0.319 0.640 0.018 0.037
13 0.336 0.640 0.014 0.037
13 0.352 0.642 0.016 0.039
13 0.366 0.642 0.010 0.037
13 0.401 0.642 0.018 0.035
13 0.419 0.644 0.018 0.039
13 0.437 0.646 0.016 0.043
13 0.703 0.657 0.016 0.040
13 0.719 0.654 0.016 0.037
13 0.708 0.812 0.010 0.026
13 0.696 0.811 0.013 0.025
13 0.671 0.809 0.011 0.021
13 0.461 0.801 0.010 0.024
13 0.437 0.801 0.011 0.025
13 0.450 0.799 0.013 0.026
13 0.426 0.800 0.011 0.028
13 0.413 0.800 0.011 0.028
13 0.388 0.799 0.014 0.028
13 0.341 0.792 0.035 0.016
13 0.375 0.799 0.013 0.028
13 0.304 0.750 0.021 0.043
13 0.326 0.751 0.015 0.049
13 0.368 0.753 0.019 0.044
13 0.432 0.754 0.020 0.051
13 0.454 0.754 0.018 0.041
13 0.471 0.758 0.018 0.041
13 0.492 0.753 0.021 0.054
13 0.514 0.758 0.016 0.046
13 0.534 0.759 0.021 0.048
13 0.556 0.759 0.021 0.048
13 0.573 0.761 0.019 0.049
13 0.596 0.761 0.019 0.041
13 0.617 0.760 0.024 0.052
13 0.826 0.838 0.016 0.043
13 0.389 0.754 0.016 0.048
13 0.638 0.764 0.019 0.044
13 0.656 0.763 0.018 0.041
13 0.677 0.765 0.019 0.045
13 0.698 0.762 0.018 0.050
13 0.721 0.764 0.019 0.052
13 0.739 0.766 0.018 0.051
13 0.761 0.767 0.019 0.046
13 0.452 0.648 0.014 0.039
13 0.503 0.649 0.016 0.039
13 0.519 0.646 0.018 0.035
13 0.536 0.647 0.016 0.036
13 0.552 0.647 0.016 0.036
13 0.569 0.649 0.016 0.037
13 0.586 0.649 0.016 0.039
13 0.603 0.657 0.016 0.044
13 0.620 0.651 0.018 0.039
13 0.637 0.651 0.016 0.040
13 0.654 0.651 0.018 0.040
13 0.670 0.653 0.015 0.031
13 0.686 0.653 0.018 0.036
13 0.737 0.654 0.019 0.039
13 0.752 0.654 0.015 0.039
13 0.771 0.659 0.016 0.039
13 0.474 0.801 0.011 0.024
13 0.511 0.804 0.010 0.025
13 0.524 0.804 0.014 0.025
13 0.559 0.805 0.011 0.030
13 0.586 0.806 0.014 0.026
13 0.598 0.806 0.014 0.026
13 0.609 0.806 0.011 0.025
13 0.623 0.807 0.011 0.025
13 0.647 0.808 0.016 0.026
13 0.723 0.811 0.013 0.024
13 0.733 0.811 0.011 0.024
13 0.757 0.812 0.013 0.025
13 0.771 0.814 0.013 0.025
13 0.782 0.812 0.011 0.026
13 0.824 0.787 0.014 0.026
13 0.510 0.369 0.013 0.033
13 0.564 0.370 0.013 0.035
13 0.575 0.373 0.013 0.029
13 0.589 0.371 0.013 0.033
13 0.629 0.374 0.013 0.030
13 0.643 0.376 0.014 0.030
13 0.656 0.374 0.013 0.029
13 0.671 0.376 0.013 0.031
13 0.684 0.376 0.013 0.031
13 0.696 0.378 0.011 0.028
13 0.776 0.417 0.010 0.030
13 0.517 0.308 0.037 0.011
13 0.576 0.310 0.035 0.013