2 0.114 0.229 0.056 0.037
2 0.145 0.265 0.055 0.048
2 0.234 0.229 0.054 0.043
2 0.206 0.266 0.054 0.041
2 0.352 0.233 0.051 0.033
2 0.323 0.260 0.054 0.040
2 0.382 0.259 0.054 0.039
2 0.441 0.259 0.055 0.043
2 0.471 0.232 0.041 0.036
2 0.529 0.228 0.046 0.037
2 0.499 0.266 0.052 0.037
2 0.559 0.263 0.052 0.039
2 0.647 0.229 0.048 0.043
2 0.619 0.263 0.052 0.037
2 0.679 0.263 0.055 0.043
2 0.102 0.511 0.138 0.107
2 0.533 0.406 0.039 0.054
2 0.476 0.483 0.037 0.059
2 0.531 0.468 0.036 0.058
2 0.627 0.404 0.034 0.058
2 0.809 0.504 0.052 0.039
2 0.865 0.499 0.058 0.041
2 0.917 0.497 0.048 0.035
2 0.979 0.490 0.043 0.048
2 0.974 0.957 0.037 0.051
18 0.266 0.559 0.028 0.013
18 0.007 0.810 0.010 0.022
18 0.063 0.800 0.011 0.022
18 0.429 0.718 0.014 0.024
18 0.458 0.713 0.013 0.019
18 0.559 0.698 0.013 0.022
18 0.576 0.699 0.014 0.024
18 0.591 0.698 0.013 0.028
18 0.605 0.696 0.015 0.028
18 0.635 0.690 0.015 0.025
18 0.651 0.688 0.016 0.024
18 0.666 0.687 0.016 0.026
18 0.689 0.684 0.009 0.020
18 0.706 0.681 0.014 0.022
18 0.650 0.461 0.033 0.018
18 0.935 0.576 0.025 0.015
18 0.941 0.639 0.044 0.013
18 0.942 0.669 0.041 0.014