11 0.179 0.323 0.201 0.401
11 0.681 0.492 0.490 0.140
11 0.550 0.779 0.757 0.253
13 0.117 0.234 0.069 0.026
13 0.121 0.266 0.075 0.020
13 0.221 0.316 0.062 0.024
13 0.129 0.441 0.081 0.024
13 0.238 0.436 0.071 0.026
13 0.239 0.484 0.074 0.026
13 0.457 0.456 0.021 0.052
13 0.691 0.450 0.022 0.050
13 0.752 0.453 0.028 0.062
13 0.752 0.532 0.028 0.050
13 0.821 0.529 0.028 0.051
13 0.228 0.706 0.025 0.069
13 0.259 0.699 0.024 0.080
13 0.218 0.825 0.029 0.140
13 0.264 0.816 0.028 0.117
13 0.352 0.816 0.033 0.105
13 0.395 0.810 0.033 0.105
13 0.387 0.703 0.031 0.079
13 0.519 0.711 0.020 0.060
13 0.525 0.807 0.033 0.102
13 0.481 0.809 0.041 0.101
13 0.615 0.709 0.022 0.060
13 0.618 0.796 0.028 0.077
13 0.657 0.818 0.029 0.120
13 0.716 0.712 0.016 0.046
13 0.742 0.809 0.036 0.106
13 0.787 0.808 0.026 0.101
13 0.820 0.708 0.018 0.040