11 0.081 0.251 0.128 0.224
11 0.254 0.165 0.092 0.060
11 0.357 0.182 0.080 0.174
11 0.527 0.187 0.166 0.164
11 0.762 0.198 0.124 0.304
13 0.106 0.245 0.048 0.033
13 0.120 0.324 0.048 0.081
13 0.073 0.287 0.034 0.054
13 0.048 0.281 0.052 0.075
13 0.336 0.179 0.019 0.051
13 0.379 0.182 0.036 0.031
13 0.456 0.220 0.020 0.048
13 0.486 0.179 0.043 0.019
13 0.524 0.236 0.024 0.072
13 0.564 0.184 0.035 0.018
13 0.735 0.155 0.035 0.018
13 0.728 0.177 0.035 0.018
13 0.738 0.202 0.044 0.019
13 0.727 0.271 0.051 0.025
13 0.794 0.120 0.041 0.018
13 0.791 0.157 0.040 0.016
13 0.793 0.172 0.044 0.018
13 0.790 0.193 0.043 0.016
13 0.792 0.209 0.045 0.019
13 0.791 0.231 0.044 0.019
13 0.791 0.248 0.039 0.019
13 0.793 0.269 0.044 0.019
13 0.790 0.287 0.040 0.019
13 0.793 0.311 0.044 0.020
13 0.792 0.328 0.044 0.021