18 0.201 0.734 0.040 0.037
18 0.221 0.561 0.036 0.036
18 0.278 0.499 0.045 0.046
18 0.514 0.585 0.043 0.043
18 0.409 0.657 0.039 0.040
18 0.481 0.582 0.076 0.086
18 0.529 0.674 0.029 0.030
18 0.537 0.629 0.039 0.041
18 0.531 0.694 0.037 0.041
18 0.583 0.637 0.048 0.051
18 0.631 0.587 0.031 0.029
18 0.635 0.566 0.040 0.041
18 0.594 0.568 0.040 0.041
18 0.286 0.357 0.026 0.026
18 0.333 0.407 0.049 0.052
18 0.394 0.331 0.049 0.051
18 0.346 0.297 0.050 0.049
18 0.359 0.248 0.020 0.021
18 0.331 0.242 0.028 0.029
18 0.412 0.224 0.030 0.031
0 0.347 0.402 0.515 0.536
0 0.597 0.546 0.636 0.657