11 0.795 0.753 0.372 0.359
11 0.659 0.655 0.477 0.445
11 0.505 0.552 0.565 0.525
11 0.363 0.427 0.574 0.537
11 0.208 0.299 0.414 0.439
13 0.136 0.326 0.029 0.029
13 0.152 0.299 0.040 0.035
13 0.169 0.281 0.041 0.045
13 0.192 0.264 0.051 0.051
13 0.207 0.244 0.041 0.034
13 0.229 0.228 0.040 0.046
13 0.274 0.196 0.039 0.036
13 0.287 0.177 0.043 0.041
13 0.308 0.160 0.041 0.043
13 0.326 0.141 0.044 0.048
13 0.344 0.121 0.056 0.050
13 0.366 0.109 0.044 0.058
13 0.083 0.476 0.019 0.024
13 0.121 0.449 0.030 0.033
13 0.131 0.426 0.035 0.043
13 0.141 0.406 0.050 0.056
13 0.181 0.368 0.050 0.046
13 0.198 0.345 0.036 0.040
13 0.219 0.333 0.052 0.050
13 0.276 0.279 0.054 0.052
13 0.297 0.261 0.055 0.050
13 0.334 0.228 0.043 0.040
13 0.372 0.192 0.051 0.049
13 0.394 0.177 0.048 0.049
13 0.126 0.609 0.046 0.041
13 0.149 0.588 0.051 0.048
13 0.165 0.573 0.048 0.048
13 0.204 0.534 0.043 0.045
13 0.243 0.499 0.044 0.043
13 0.279 0.463 0.043 0.048
13 0.302 0.446 0.049 0.046
13 0.343 0.412 0.049 0.049
13 0.357 0.394 0.034 0.046
13 0.381 0.376 0.040 0.044
13 0.394 0.360 0.044 0.048
13 0.414 0.338 0.051 0.048
13 0.434 0.323 0.049 0.033
13 0.460 0.305 0.052 0.045
13 0.473 0.293 0.046 0.041
13 0.496 0.271 0.050 0.051
13 0.511 0.253 0.039 0.045
13 0.531 0.235 0.045 0.052
13 0.568 0.203 0.041 0.044
13 0.592 0.186 0.054 0.069
13 0.633 0.236 0.039 0.045
13 0.614 0.254 0.051 0.046
13 0.539 0.319 0.049 0.051
13 0.498 0.355 0.034 0.033
13 0.465 0.392 0.043 0.046
13 0.444 0.408 0.040 0.049
13 0.425 0.426 0.037 0.050
13 0.383 0.459 0.044 0.040
13 0.351 0.500 0.043 0.055
13 0.327 0.517 0.041 0.048
13 0.311 0.529 0.040 0.046
13 0.289 0.551 0.049 0.046
13 0.270 0.562 0.037 0.036
13 0.247 0.589 0.041 0.045
13 0.234 0.599 0.046 0.050
13 0.209 0.620 0.045 0.037
13 0.193 0.640 0.054 0.050
13 0.171 0.654 0.033 0.046
13 0.161 0.677 0.022 0.028
13 0.254 0.738 0.026 0.026
13 0.273 0.729 0.037 0.048
13 0.292 0.711 0.043 0.043
13 0.332 0.679 0.034 0.039
13 0.351 0.671 0.036 0.036
13 0.366 0.648 0.052 0.044
13 0.383 0.636 0.041 0.044
13 0.399 0.622 0.035 0.041
13 0.416 0.603 0.039 0.048
13 0.433 0.583 0.034 0.040
13 0.446 0.573 0.036 0.044
13 0.464 0.551 0.041 0.046
13 0.501 0.521 0.043 0.046
13 0.517 0.506 0.043 0.039
13 0.536 0.489 0.041 0.045
13 0.554 0.476 0.037 0.036
13 0.568 0.459 0.043 0.044
13 0.608 0.422 0.040 0.045
13 0.690 0.349 0.033 0.039
13 0.718 0.332 0.039 0.029
13 0.754 0.325 0.077 0.083
13 0.751 0.367 0.034 0.030
13 0.729 0.391 0.036 0.049
13 0.693 0.425 0.039 0.040
13 0.681 0.440 0.035 0.040
13 0.619 0.486 0.031 0.030
13 0.591 0.516 0.037 0.044
13 0.574 0.534 0.037 0.040
13 0.561 0.552 0.035 0.043
13 0.544 0.564 0.033 0.062
13 0.518 0.585 0.044 0.052
13 0.473 0.629 0.046 0.044
13 0.455 0.649 0.040 0.036
13 0.422 0.683 0.033 0.036
13 0.370 0.724 0.037 0.039
13 0.350 0.744 0.040 0.048
13 0.329 0.766 0.050 0.045
13 0.463 0.801 0.025 0.025
13 0.494 0.771 0.034 0.035
13 0.524 0.739 0.026 0.031
13 0.552 0.712 0.041 0.031
13 0.604 0.671 0.045 0.035
13 0.660 0.617 0.030 0.026
13 0.690 0.591 0.033 0.039
13 0.739 0.538 0.035 0.051
13 0.757 0.531 0.028 0.045
13 0.779 0.504 0.041 0.040
13 0.876 0.468 0.049 0.065
13 0.861 0.521 0.039 0.037
13 0.776 0.586 0.029 0.029
13 0.749 0.609 0.033 0.036
13 0.726 0.624 0.029 0.033
13 0.712 0.640 0.036 0.030
13 0.636 0.712 0.020 0.026
13 0.604 0.737 0.034 0.046
13 0.562 0.781 0.019 0.029
13 0.544 0.800 0.039 0.035
13 0.511 0.825 0.029 0.022
13 0.494 0.831 0.019 0.025
13 0.959 0.596 0.055 0.051
13 0.964 0.630 0.033 0.037
13 0.946 0.650 0.025 0.030
13 0.916 0.678 0.033 0.049
13 0.866 0.649 0.037 0.035
13 0.851 0.666 0.034 0.031
13 0.870 0.717 0.048 0.051
13 0.839 0.748 0.033 0.033
13 0.789 0.722 0.030 0.041
13 0.811 0.773 0.030 0.036
13 0.754 0.748 0.031 0.039
13 0.794 0.792 0.031 0.036
13 0.783 0.805 0.039 0.035
13 0.766 0.820 0.034 0.043
13 0.726 0.776 0.030 0.033
13 0.694 0.807 0.028 0.030
13 0.652 0.849 0.022 0.025
13 0.355 0.210 0.050 0.050
13 0.314 0.243 0.043 0.044
13 0.257 0.298 0.044 0.049
13 0.239 0.315 0.052 0.045
13 0.121 0.336 0.022 0.022
13 0.107 0.463 0.026 0.035
13 0.076 0.493 0.026 0.034
13 0.261 0.479 0.045 0.046
13 0.225 0.516 0.045 0.044
13 0.185 0.551 0.048 0.049
13 0.828 0.766 0.040 0.039
13 0.676 0.811 0.018 0.020
13 0.789 0.573 0.036 0.035
13 0.576 0.773 0.016 0.019
13 0.475 0.786 0.035 0.033
13 0.507 0.757 0.035 0.036
13 0.537 0.729 0.033 0.036
13 0.509 0.595 0.034 0.048
13 0.441 0.664 0.033 0.040
13 0.406 0.696 0.041 0.044
13 0.517 0.341 0.045 0.048
13 0.401 0.444 0.043 0.041
13 0.853 0.734 0.022 0.021
13 0.864 0.758 0.011 0.021
13 0.491 0.615 0.037 0.043