17 0.133 0.674 0.125 0.115
18 0.386 0.091 0.018 0.018
18 0.312 0.163 0.013 0.014
18 0.436 0.234 0.015 0.014
18 0.145 0.202 0.013 0.016
18 0.151 0.208 0.014 0.016
18 0.131 0.258 0.018 0.013
18 0.101 0.181 0.014 0.015
18 0.108 0.186 0.014 0.014
18 0.324 0.043 0.013 0.014
18 0.347 0.086 0.015 0.013
18 0.354 0.079 0.014 0.013
18 0.109 0.298 0.019 0.014
18 0.105 0.305 0.015 0.013
18 0.097 0.318 0.014 0.013
18 0.091 0.334 0.025 0.015
18 0.077 0.362 0.020 0.016
18 0.076 0.350 0.019 0.013
18 0.088 0.414 0.014 0.014
18 0.165 0.341 0.018 0.014
18 0.147 0.362 0.013 0.013
18 0.163 0.369 0.014 0.015
18 0.171 0.374 0.014 0.013
18 0.193 0.387 0.014 0.016
18 0.265 0.285 0.013 0.013
18 0.180 0.244 0.018 0.013
18 0.291 0.411 0.021 0.019
18 0.369 0.280 0.015 0.015
18 0.342 0.296 0.016 0.016
18 0.323 0.306 0.013 0.016
18 0.406 0.279 0.015 0.014
18 0.398 0.441 0.016 0.015
18 0.176 0.472 0.014 0.013
18 0.209 0.568 0.016 0.014
18 0.207 0.649 0.016 0.014
18 0.223 0.664 0.013 0.014
18 0.285 0.677 0.018 0.014
18 0.015 0.755 0.015 0.013
18 0.051 0.781 0.016 0.030
18 0.028 0.802 0.039 0.014
18 0.082 0.805 0.031 0.015
18 0.159 0.833 0.025 0.022
18 0.631 0.951 0.018 0.014
18 0.677 0.961 0.013 0.014
18 0.831 0.964 0.020 0.014
18 0.946 0.552 0.025 0.018
18 0.939 0.560 0.021 0.015
18 0.629 0.274 0.013 0.014
18 0.641 0.264 0.013 0.015
18 0.569 0.274 0.014 0.016
18 0.583 0.267 0.015 0.014
18 0.588 0.273 0.015 0.014
18 0.393 0.324 0.014 0.014
18 0.345 0.335 0.013 0.013
18 0.552 0.290 0.013 0.015
18 0.009 0.428 0.015 0.014
18 0.046 0.401 0.015 0.013
18 0.169 0.538 0.013 0.014
18 0.225 0.461 0.015 0.014
18 0.202 0.504 0.014 0.014
18 0.457 0.399 0.014 0.014
18 0.526 0.352 0.016 0.014
18 0.434 0.258 0.014 0.013
18 0.539 0.283 0.013 0.016
18 0.963 0.724 0.007 0.018
18 0.143 0.904 0.031 0.013
18 0.132 0.915 0.061 0.015
18 0.127 0.926 0.054 0.015
18 0.113 0.790 0.015 0.015
18 0.122 0.793 0.014 0.014
18 0.174 0.847 0.022 0.026
18 0.181 0.858 0.018 0.020
18 0.189 0.864 0.014 0.016
18 0.199 0.873 0.019 0.022
18 0.205 0.881 0.020 0.021
18 0.214 0.889 0.022 0.025
18 0.224 0.892 0.025 0.029
18 0.230 0.900 0.018 0.018
18 0.238 0.908 0.024 0.024
18 0.248 0.915 0.021 0.022
18 0.258 0.929 0.026 0.020
18 0.265 0.943 0.020 0.021
18 0.195 0.970 0.052 0.022
18 0.217 0.964 0.039 0.024
18 0.225 0.956 0.033 0.019
18 0.169 0.267 0.020 0.014
18 0.172 0.259 0.016 0.014
18 0.461 0.266 0.015 0.014
18 0.313 0.307 0.014 0.015