6 0.407 0.311 0.599 0.559
18 0.952 0.048 0.009 0.014
18 0.974 0.027 0.007 0.009
11 0.357 0.601 0.260 0.177
11 0.417 0.726 0.301 0.212
11 0.411 0.912 0.287 0.092
13 0.468 0.539 0.034 0.058
13 0.443 0.542 0.026 0.036
13 0.431 0.548 0.024 0.041
13 0.414 0.554 0.021 0.037
13 0.399 0.559 0.028 0.044
13 0.383 0.567 0.025 0.041
13 0.368 0.571 0.031 0.048
13 0.353 0.583 0.026 0.039
13 0.344 0.595 0.018 0.028
13 0.330 0.601 0.018 0.028
13 0.306 0.612 0.015 0.024
13 0.296 0.620 0.016 0.028
13 0.281 0.626 0.018 0.026
13 0.271 0.630 0.016 0.028
13 0.256 0.637 0.019 0.028
13 0.240 0.644 0.020 0.028
13 0.261 0.679 0.019 0.030
13 0.273 0.675 0.016 0.025
13 0.310 0.653 0.015 0.026
13 0.321 0.647 0.013 0.024
13 0.334 0.642 0.016 0.022
13 0.344 0.639 0.020 0.026
13 0.357 0.632 0.018 0.026
13 0.374 0.628 0.015 0.024
13 0.388 0.624 0.020 0.035
13 0.403 0.616 0.019 0.031
13 0.419 0.611 0.025 0.037
13 0.433 0.603 0.021 0.035
13 0.449 0.596 0.024 0.039
13 0.463 0.581 0.016 0.028
13 0.523 0.646 0.021 0.049
13 0.534 0.696 0.029 0.015
13 0.451 0.686 0.022 0.011
13 0.416 0.693 0.029 0.014
13 0.456 0.697 0.025 0.011
13 0.559 0.766 0.013 0.031
13 0.417 0.704 0.031 0.014
13 0.456 0.711 0.026 0.011
13 0.460 0.724 0.025 0.010
13 0.464 0.738 0.030 0.016
13 0.468 0.750 0.030 0.015
13 0.543 0.733 0.029 0.014
13 0.424 0.758 0.035 0.014
13 0.427 0.744 0.024 0.011
13 0.427 0.731 0.021 0.010
13 0.421 0.718 0.021 0.011
13 0.347 0.721 0.026 0.013
13 0.346 0.733 0.020 0.011
13 0.352 0.748 0.029 0.015
13 0.357 0.774 0.022 0.011
13 0.312 0.771 0.013 0.028
13 0.283 0.777 0.014 0.029
13 0.542 0.767 0.015 0.035
13 0.527 0.771 0.015 0.034
13 0.511 0.776 0.018 0.036
13 0.496 0.779 0.016 0.039
13 0.480 0.780 0.015 0.033
13 0.455 0.782 0.013 0.026
13 0.439 0.786 0.013 0.031
13 0.426 0.787 0.013 0.030
13 0.376 0.800 0.011 0.025
13 0.348 0.806 0.014 0.031
13 0.322 0.809 0.011 0.024
13 0.279 0.886 0.013 0.029
13 0.291 0.885 0.009 0.022
13 0.304 0.885 0.014 0.033
13 0.331 0.886 0.011 0.031
13 0.343 0.886 0.013 0.034
13 0.355 0.885 0.013 0.033
13 0.369 0.887 0.013 0.031
13 0.384 0.887 0.013 0.030
13 0.409 0.887 0.013 0.029
13 0.436 0.887 0.013 0.030
13 0.422 0.886 0.011 0.034
13 0.448 0.885 0.013 0.033
13 0.462 0.887 0.011 0.029
13 0.474 0.889 0.013 0.029
13 0.501 0.887 0.011 0.029
13 0.514 0.888 0.011 0.026
13 0.528 0.891 0.009 0.022
13 0.544 0.924 0.022 0.049
13 0.522 0.934 0.016 0.043
13 0.501 0.934 0.016 0.039
13 0.481 0.938 0.016 0.048
13 0.464 0.941 0.007 0.020
13 0.457 0.923 0.009 0.019
13 0.443 0.921 0.007 0.018
13 0.424 0.924 0.009 0.018
13 0.415 0.937 0.010 0.019
13 0.403 0.922 0.009 0.019
13 0.384 0.921 0.009 0.016
13 0.376 0.939 0.009 0.018
13 0.363 0.923 0.009 0.019
13 0.354 0.941 0.009 0.020
13 0.294 0.922 0.009 0.019
13 0.281 0.938 0.009 0.016
13 0.321 0.939 0.010 0.018
13 0.315 0.921 0.010 0.018
13 0.341 0.939 0.010 0.020
13 0.387 0.792 0.011 0.021
13 0.414 0.787 0.010 0.019