11 0.410 0.511 0.762 0.914
13 0.087 0.838 0.094 0.044
13 0.182 0.866 0.077 0.041
13 0.432 0.943 0.077 0.044
13 0.518 0.927 0.069 0.028
13 0.406 0.896 0.062 0.026
13 0.394 0.834 0.089 0.039
13 0.307 0.807 0.075 0.034
13 0.323 0.733 0.079 0.034
13 0.444 0.662 0.066 0.030
13 0.470 0.588 0.072 0.030
13 0.483 0.551 0.071 0.036
13 0.508 0.455 0.061 0.025
13 0.578 0.264 0.056 0.029
13 0.627 0.248 0.026 0.016
13 0.387 0.209 0.074 0.039
13 0.293 0.198 0.029 0.019
13 0.360 0.245 0.043 0.025
13 0.279 0.239 0.056 0.024
13 0.348 0.263 0.044 0.019
13 0.345 0.289 0.055 0.030
13 0.271 0.284 0.051 0.028
13 0.264 0.307 0.034 0.014
13 0.324 0.346 0.040 0.018
13 0.322 0.372 0.049 0.021
13 0.247 0.371 0.045 0.022
13 0.311 0.393 0.046 0.019
13 0.458 0.343 0.041 0.022
13 0.304 0.420 0.051 0.025
13 0.228 0.395 0.049 0.018
13 0.204 0.441 0.034 0.028
13 0.278 0.443 0.034 0.025
13 0.264 0.457 0.030 0.021
13 0.257 0.474 0.029 0.021
13 0.247 0.491 0.028 0.022
13 0.236 0.507 0.034 0.024
13 0.166 0.492 0.026 0.025
13 0.203 0.554 0.026 0.022
13 0.134 0.522 0.039 0.036
13 0.186 0.567 0.031 0.024
13 0.121 0.539 0.041 0.033
13 0.098 0.559 0.046 0.039
13 0.166 0.611 0.050 0.039
13 0.153 0.628 0.044 0.034
13 0.134 0.659 0.052 0.040
13 0.066 0.607 0.049 0.044
13 0.067 0.650 0.074 0.062
13 0.086 0.581 0.050 0.041