17 0.295 0.490 0.152 0.080
18 0.654 0.482 0.018 0.014
18 0.677 0.472 0.019 0.015
18 0.772 0.427 0.021 0.015
18 0.845 0.394 0.025 0.016
18 0.588 0.523 0.020 0.014
18 0.626 0.546 0.015 0.022
18 0.626 0.570 0.014 0.020
18 0.654 0.554 0.016 0.021
18 0.674 0.524 0.013 0.018
18 0.682 0.544 0.013 0.019
18 0.694 0.541 0.014 0.018
18 0.696 0.518 0.014 0.019
18 0.723 0.502 0.015 0.020
18 0.759 0.482 0.016 0.020
18 0.779 0.474 0.015 0.021
18 0.768 0.503 0.014 0.021
18 0.778 0.499 0.014 0.020
18 0.799 0.468 0.013 0.018
18 0.807 0.461 0.014 0.015
18 0.836 0.447 0.014 0.019
18 0.836 0.468 0.014 0.015
18 0.867 0.436 0.016 0.019
18 0.874 0.454 0.013 0.018
18 0.170 0.384 0.020 0.021
18 0.292 0.313 0.019 0.016
18 0.295 0.341 0.015 0.019
18 0.336 0.286 0.020 0.015
18 0.331 0.294 0.016 0.013
18 0.326 0.304 0.020 0.016
18 0.409 0.310 0.016 0.015
18 0.361 0.359 0.018 0.019
18 0.365 0.393 0.015 0.020
18 0.382 0.381 0.016 0.018
18 0.466 0.352 0.014 0.020
18 0.223 0.079 0.016 0.021
18 0.517 0.156 0.015 0.009
18 0.522 0.183 0.021 0.014
18 0.590 0.069 0.022 0.013
18 0.128 0.100 0.022 0.015
18 0.663 0.191 0.021 0.016
18 0.691 0.172 0.020 0.014
18 0.698 0.182 0.016 0.014
18 0.784 0.131 0.016 0.021
18 0.815 0.036 0.013 0.022
18 0.824 0.026 0.014 0.018
18 0.899 0.011 0.015 0.020
18 0.849 0.099 0.016 0.022
18 0.876 0.106 0.015 0.020
18 0.897 0.147 0.015 0.019
18 0.925 0.086 0.013 0.021
18 0.926 0.062 0.015 0.020
18 0.945 0.052 0.015 0.019
18 0.973 0.037 0.015 0.021
18 0.991 0.051 0.013 0.020
18 0.992 0.101 0.014 0.019
18 0.982 0.107 0.014 0.019
18 0.859 0.091 0.014 0.019
18 0.812 0.115 0.015 0.020
18 0.831 0.107 0.014 0.021
18 0.964 0.338 0.016 0.013
18 0.188 0.463 0.015 0.019
18 0.194 0.456 0.015 0.016
18 0.312 0.384 0.016 0.020
18 0.333 0.376 0.015 0.016
18 0.072 0.573 0.014 0.022
18 0.346 0.146 0.019 0.016
18 0.362 0.249 0.021 0.015
18 0.518 0.144 0.021 0.013
18 0.449 0.292 0.016 0.021
18 0.318 0.311 0.019 0.016
18 0.311 0.319 0.016 0.014
18 0.299 0.291 0.019 0.015
18 0.428 0.009 0.021 0.014
18 0.486 0.022 0.021 0.016