11 0.285 0.367 0.370 0.600
11 0.499 0.144 0.024 0.211
11 0.583 0.148 0.025 0.216
11 0.752 0.228 0.070 0.320
11 0.869 0.134 0.100 0.160
11 0.951 0.184 0.096 0.246
13 0.657 0.273 0.049 0.100
13 0.559 0.654 0.013 0.036
13 0.657 0.507 0.034 0.015
13 0.129 0.128 0.128 0.045
13 0.934 0.244 0.061 0.125
13 0.954 0.122 0.051 0.111
13 0.401 0.612 0.110 0.099
13 0.329 0.588 0.105 0.096
13 0.277 0.552 0.134 0.135
13 0.176 0.469 0.158 0.156
13 0.369 0.446 0.195 0.201
13 0.376 0.357 0.110 0.107
13 0.410 0.312 0.102 0.096
13 0.258 0.305 0.161 0.155
13 0.234 0.243 0.114 0.111
13 0.193 0.206 0.142 0.128
13 0.318 0.154 0.101 0.100
13 0.736 0.201 0.039 0.083
13 0.749 0.113 0.035 0.069
13 0.709 0.103 0.031 0.074
13 0.842 0.099 0.044 0.080
13 0.900 0.101 0.040 0.080