11 0.105 0.309 0.100 0.479
18 0.188 0.043 0.015 0.015
18 0.223 0.171 0.013 0.015
18 0.245 0.128 0.007 0.018
18 0.247 0.151 0.009 0.016
18 0.250 0.206 0.007 0.014
18 0.251 0.228 0.007 0.016
18 0.231 0.318 0.013 0.011
18 0.263 0.372 0.015 0.007
18 0.304 0.344 0.007 0.019
18 0.234 0.377 0.011 0.014
18 0.339 0.242 0.006 0.020
18 0.338 0.198 0.007 0.015
18 0.361 0.165 0.015 0.018
18 0.055 0.355 0.007 0.018
18 0.059 0.422 0.006 0.013
18 0.062 0.444 0.007 0.014
18 0.007 0.561 0.013 0.007
18 0.147 0.621 0.016 0.005
18 0.182 0.662 0.016 0.006
18 0.182 0.693 0.018 0.006
18 0.142 0.743 0.015 0.007
18 0.139 0.772 0.015 0.006
18 0.179 0.734 0.016 0.007
18 0.178 0.782 0.019 0.006
18 0.178 0.803 0.021 0.006
18 0.176 0.834 0.020 0.007
18 0.028 0.839 0.011 0.009
18 0.018 0.850 0.010 0.007
11 0.188 0.271 0.059 0.430
11 0.309 0.500 0.184 0.072
11 0.440 0.353 0.120 0.401
11 0.379 0.721 0.145 0.242
11 0.555 0.748 0.098 0.206
11 0.641 0.758 0.054 0.191
11 0.224 0.705 0.062 0.230
13 0.483 0.879 0.026 0.011
13 0.569 0.889 0.026 0.011
13 0.609 0.889 0.040 0.014
13 0.537 0.800 0.054 0.020
13 0.637 0.799 0.025 0.074
13 0.588 0.814 0.014 0.054
13 0.586 0.770 0.011 0.022
13 0.638 0.741 0.011 0.021
13 0.551 0.726 0.040 0.018
13 0.547 0.701 0.055 0.016
13 0.548 0.673 0.054 0.019
13 0.233 0.856 0.037 0.015
13 0.280 0.838 0.020 0.009
13 0.300 0.864 0.022 0.010
13 0.289 0.814 0.025 0.016
13 0.225 0.802 0.028 0.016
13 0.227 0.783 0.021 0.016
13 0.318 0.815 0.022 0.018
13 0.340 0.821 0.022 0.010
13 0.258 0.812 0.026 0.019
13 0.206 0.752 0.013 0.020
13 0.228 0.764 0.022 0.009
13 0.229 0.736 0.022 0.010
13 0.233 0.696 0.024 0.009
13 0.234 0.709 0.022 0.007
13 0.234 0.651 0.021 0.009
13 0.233 0.664 0.024 0.009
13 0.234 0.624 0.019 0.009
13 0.233 0.633 0.021 0.009
13 0.231 0.608 0.050 0.016
13 0.349 0.638 0.031 0.009
13 0.336 0.689 0.054 0.016
13 0.336 0.716 0.051 0.018
13 0.339 0.739 0.039 0.013
13 0.333 0.766 0.048 0.016
13 0.403 0.771 0.055 0.019
13 0.404 0.796 0.069 0.022
13 0.403 0.745 0.056 0.020
13 0.405 0.720 0.060 0.018
13 0.406 0.694 0.058 0.019
13 0.407 0.669 0.052 0.019
13 0.410 0.616 0.070 0.019
13 0.056 0.708 0.029 0.025
13 0.061 0.750 0.021 0.018
13 0.089 0.889 0.009 0.030
13 0.233 0.497 0.018 0.048
13 0.259 0.500 0.016 0.045
13 0.308 0.504 0.021 0.064
13 0.359 0.501 0.020 0.064
13 0.384 0.496 0.019 0.054
13 0.429 0.446 0.052 0.022
13 0.451 0.487 0.034 0.034
13 0.194 0.432 0.029 0.011
13 0.196 0.456 0.030 0.011
13 0.200 0.471 0.025 0.011
13 0.187 0.302 0.036 0.010
13 0.186 0.319 0.039 0.013
13 0.188 0.341 0.037 0.011
13 0.186 0.357 0.030 0.010
13 0.189 0.379 0.037 0.010
13 0.186 0.395 0.043 0.013
13 0.410 0.321 0.028 0.009
13 0.413 0.334 0.031 0.013
13 0.416 0.357 0.039 0.014
13 0.423 0.374 0.034 0.010
13 0.393 0.183 0.016 0.031
13 0.184 0.263 0.037 0.013
13 0.180 0.225 0.043 0.015
13 0.183 0.206 0.026 0.013
13 0.179 0.187 0.031 0.009
13 0.181 0.165 0.039 0.013
13 0.179 0.151 0.037 0.011
13 0.177 0.128 0.031 0.011
13 0.177 0.111 0.033 0.010
13 0.177 0.071 0.026 0.010
13 0.112 0.458 0.031 0.011
13 0.114 0.473 0.031 0.009
13 0.113 0.491 0.022 0.010
13 0.114 0.511 0.028 0.007
13 0.109 0.407 0.033 0.011
13 0.107 0.427 0.030 0.011
13 0.111 0.442 0.024 0.009
13 0.104 0.374 0.026 0.009
13 0.104 0.390 0.019 0.007
13 0.102 0.338 0.019 0.007
13 0.102 0.321 0.028 0.007
13 0.101 0.303 0.025 0.009
13 0.103 0.286 0.026 0.007
13 0.096 0.182 0.029 0.013
13 0.099 0.199 0.025 0.010
13 0.098 0.234 0.029 0.010
13 0.102 0.249 0.026 0.011
13 0.100 0.267 0.033 0.011
13 0.091 0.093 0.030 0.009
13 0.092 0.112 0.031 0.011
13 0.089 0.128 0.029 0.009
13 0.097 0.146 0.031 0.011
13 0.096 0.164 0.030 0.009