11 0.398 0.458 0.464 0.319
11 0.775 0.198 0.450 0.159
11 0.104 0.079 0.203 0.142
13 0.047 0.061 0.076 0.099
13 0.091 0.085 0.066 0.095
13 0.134 0.099 0.041 0.080
13 0.173 0.109 0.041 0.080
13 0.229 0.459 0.055 0.159
13 0.318 0.463 0.036 0.116
13 0.372 0.471 0.046 0.133
13 0.423 0.469 0.041 0.107
13 0.487 0.463 0.041 0.107
13 0.537 0.471 0.050 0.129
13 0.604 0.479 0.059 0.155
13 0.403 0.344 0.144 0.076
13 0.579 0.207 0.033 0.089
13 0.637 0.206 0.044 0.125
13 0.709 0.212 0.050 0.129
13 0.767 0.196 0.037 0.094
13 0.895 0.192 0.037 0.094
13 0.944 0.188 0.037 0.094