13 0.509 0.856 0.009 0.014
11 0.134 0.476 0.210 0.885
13 0.212 0.046 0.049 0.016
13 0.133 0.077 0.069 0.022
13 0.141 0.104 0.066 0.029
13 0.152 0.133 0.050 0.022
13 0.144 0.158 0.061 0.026
13 0.149 0.183 0.055 0.019
13 0.139 0.206 0.072 0.025
13 0.144 0.231 0.059 0.024
13 0.149 0.255 0.055 0.022
13 0.147 0.281 0.065 0.021
13 0.215 0.255 0.045 0.015
13 0.106 0.314 0.051 0.018
13 0.051 0.318 0.024 0.049
13 0.052 0.389 0.018 0.060
13 0.102 0.344 0.052 0.013
13 0.098 0.369 0.054 0.019
13 0.101 0.393 0.045 0.010
13 0.099 0.438 0.045 0.015
13 0.104 0.461 0.044 0.014
13 0.112 0.483 0.046 0.016
13 0.110 0.507 0.055 0.020
13 0.109 0.532 0.051 0.016
13 0.111 0.576 0.044 0.019
13 0.105 0.598 0.048 0.018
13 0.116 0.629 0.049 0.020
13 0.199 0.601 0.010 0.020
13 0.121 0.706 0.040 0.021
13 0.130 0.754 0.045 0.021
13 0.129 0.792 0.048 0.022
13 0.129 0.837 0.044 0.019
13 0.136 0.870 0.039 0.015
13 0.186 0.907 0.040 0.016