11 0.465 0.575 0.145 0.233
11 0.357 0.598 0.069 0.114
11 0.574 0.600 0.161 0.278
13 0.736 0.509 0.022 0.043
13 0.766 0.429 0.021 0.043
13 0.865 0.292 0.028 0.016
11 0.758 0.536 0.316 0.519
13 0.358 0.627 0.014 0.021
13 0.346 0.598 0.016 0.011
13 0.356 0.578 0.019 0.010
13 0.363 0.557 0.021 0.011
13 0.381 0.567 0.013 0.016
13 0.448 0.680 0.034 0.018
13 0.414 0.651 0.021 0.011
13 0.454 0.652 0.025 0.014
13 0.449 0.562 0.022 0.014
13 0.485 0.577 0.028 0.016
13 0.445 0.576 0.020 0.015
13 0.499 0.539 0.028 0.015
13 0.469 0.511 0.022 0.013
13 0.505 0.526 0.028 0.015
13 0.511 0.514 0.021 0.011
13 0.473 0.501 0.024 0.014
13 0.491 0.477 0.015 0.029
13 0.521 0.467 0.030 0.019
13 0.519 0.488 0.024 0.014
13 0.625 0.476 0.062 0.031