11 0.520 0.556 0.250 0.527
11 0.704 0.644 0.126 0.713
13 0.870 0.714 0.065 0.014
13 0.011 0.258 0.019 0.014
13 0.463 0.378 0.061 0.031
13 0.464 0.416 0.060 0.030
13 0.454 0.454 0.079 0.040
13 0.707 0.537 0.096 0.034
13 0.701 0.599 0.104 0.046
13 0.713 0.634 0.109 0.040
13 0.708 0.664 0.107 0.043
13 0.409 0.706 0.021 0.094
13 0.748 0.422 0.041 0.131
13 0.721 0.571 0.075 0.043
13 0.718 0.735 0.100 0.060
13 0.724 0.768 0.079 0.041
13 0.719 0.790 0.080 0.040
13 0.726 0.823 0.086 0.046
13 0.724 0.853 0.071 0.035
13 0.425 0.800 0.022 0.072
13 0.451 0.899 0.051 0.060
13 0.757 0.948 0.020 0.096
13 0.730 0.946 0.025 0.107
13 0.664 0.941 0.022 0.081
13 0.378 0.931 0.022 0.071
13 0.405 0.940 0.020 0.075
13 0.428 0.941 0.019 0.077
13 0.457 0.956 0.021 0.055
13 0.589 0.907 0.060 0.016
13 0.493 0.859 0.056 0.020
13 0.578 0.654 0.051 0.026
13 0.586 0.674 0.051 0.026
13 0.578 0.752 0.051 0.026
13 0.583 0.769 0.051 0.026
13 0.599 0.799 0.054 0.018
13 0.575 0.708 0.040 0.043
13 0.741 0.318 0.026 0.024
13 0.222 0.185 0.016 0.050
13 0.927 0.209 0.010 0.024
13 0.219 0.136 0.018 0.051
13 0.211 0.183 0.011 0.036
13 0.215 0.077 0.020 0.065
13 0.221 0.026 0.013 0.046