11 0.311 0.239 0.281 0.134
11 0.302 0.376 0.265 0.102
11 0.295 0.504 0.273 0.107
11 0.262 0.648 0.266 0.099
11 0.257 0.779 0.271 0.101
11 0.183 0.929 0.364 0.130
13 0.174 0.274 0.013 0.036
13 0.209 0.197 0.021 0.049
13 0.200 0.258 0.013 0.045
13 0.236 0.203 0.016 0.049
13 0.260 0.201 0.025 0.060
13 0.383 0.219 0.022 0.051
13 0.432 0.226 0.018 0.049
13 0.426 0.279 0.018 0.039
13 0.369 0.273 0.016 0.044
13 0.292 0.268 0.019 0.040
13 0.234 0.256 0.015 0.030
13 0.189 0.339 0.014 0.031
13 0.206 0.343 0.016 0.026
13 0.221 0.344 0.020 0.028
13 0.253 0.344 0.013 0.037
13 0.270 0.349 0.018 0.039
13 0.369 0.398 0.018 0.029
13 0.419 0.402 0.021 0.026
13 0.426 0.492 0.018 0.035
13 0.423 0.537 0.021 0.034
13 0.360 0.484 0.013 0.034
13 0.329 0.476 0.015 0.036
13 0.314 0.478 0.020 0.029
13 0.301 0.527 0.021 0.045
13 0.270 0.474 0.018 0.035
13 0.223 0.471 0.016 0.028
13 0.176 0.466 0.020 0.036
13 0.182 0.619 0.019 0.037
13 0.141 0.661 0.015 0.031
13 0.244 0.623 0.015 0.031
13 0.299 0.623 0.018 0.044
13 0.267 0.667 0.016 0.036
13 0.319 0.631 0.019 0.036
13 0.376 0.629 0.021 0.046
13 0.374 0.676 0.014 0.033
13 0.339 0.674 0.016 0.036
13 0.130 0.797 0.022 0.055
13 0.169 0.746 0.014 0.024
13 0.195 0.786 0.015 0.033
13 0.246 0.755 0.014 0.037
13 0.263 0.752 0.018 0.025
13 0.328 0.759 0.030 0.050
13 0.321 0.802 0.013 0.037
13 0.384 0.782 0.018 0.064
13 0.141 0.882 0.016 0.040
13 0.134 0.953 0.026 0.079
13 0.241 0.894 0.018 0.039
13 0.259 0.894 0.019 0.041
13 0.336 0.961 0.021 0.060
13 0.309 0.958 0.021 0.060
13 0.281 0.955 0.021 0.060
13 0.247 0.949 0.021 0.060
13 0.223 0.956 0.021 0.060
13 0.187 0.945 0.021 0.060
13 0.162 0.945 0.021 0.060