11 0.723 0.580 0.281 0.840
13 0.634 0.175 0.061 0.018
13 0.636 0.211 0.055 0.019
13 0.646 0.290 0.064 0.020
13 0.641 0.338 0.055 0.020
13 0.659 0.429 0.058 0.021
13 0.653 0.456 0.049 0.020
13 0.809 0.365 0.049 0.020
13 0.811 0.391 0.049 0.020
13 0.811 0.425 0.049 0.020
13 0.802 0.450 0.056 0.022
13 0.806 0.493 0.050 0.021
13 0.657 0.497 0.062 0.022
13 0.652 0.526 0.062 0.022
13 0.810 0.520 0.055 0.022
13 0.814 0.580 0.055 0.022
13 0.652 0.605 0.046 0.022
13 0.654 0.640 0.064 0.022
13 0.817 0.651 0.059 0.022
13 0.822 0.733 0.051 0.021
13 0.640 0.781 0.068 0.024
13 0.815 0.791 0.055 0.024
13 0.826 0.854 0.052 0.022
13 0.823 0.821 0.052 0.022
13 0.822 0.912 0.041 0.020
13 0.809 0.943 0.062 0.022
13 0.815 0.974 0.045 0.021
13 0.811 0.301 0.024 0.018