11 0.491 0.727 0.980 0.139
11 0.508 0.491 0.939 0.236
11 0.482 0.221 0.961 0.177
18 0.125 0.054 0.013 0.037
18 0.329 0.061 0.030 0.014
18 0.371 0.048 0.033 0.024
18 0.197 0.134 0.021 0.018
18 0.048 0.119 0.018 0.015
18 0.028 0.869 0.016 0.033
13 0.035 0.749 0.020 0.040
13 0.116 0.747 0.013 0.034
13 0.182 0.739 0.021 0.044
13 0.216 0.733 0.022 0.043
13 0.246 0.727 0.019 0.046
13 0.341 0.724 0.018 0.052
13 0.369 0.718 0.019 0.049
13 0.403 0.721 0.019 0.041
13 0.429 0.716 0.015 0.043
13 0.464 0.719 0.021 0.049
13 0.526 0.710 0.016 0.040
13 0.557 0.703 0.019 0.051
13 0.111 0.474 0.020 0.041
13 0.073 0.569 0.021 0.058
13 0.116 0.576 0.026 0.071
13 0.149 0.570 0.022 0.062
13 0.194 0.569 0.018 0.048
13 0.270 0.564 0.025 0.059
13 0.300 0.558 0.020 0.059
13 0.346 0.557 0.024 0.065
13 0.388 0.546 0.020 0.060
13 0.372 0.450 0.029 0.072
13 0.449 0.449 0.029 0.069
13 0.492 0.449 0.029 0.070
13 0.427 0.559 0.015 0.029
13 0.453 0.550 0.019 0.045
13 0.935 0.682 0.022 0.049
13 0.906 0.681 0.019 0.048
13 0.869 0.688 0.019 0.044
13 0.839 0.689 0.019 0.049
13 0.806 0.686 0.019 0.050
13 0.777 0.693 0.018 0.043
13 0.743 0.696 0.018 0.039
13 0.681 0.701 0.019 0.045
13 0.622 0.707 0.024 0.061
13 0.656 0.706 0.019 0.039
13 0.589 0.707 0.021 0.044
13 0.606 0.537 0.020 0.037
13 0.729 0.520 0.022 0.040
13 0.682 0.431 0.024 0.076
13 0.723 0.431 0.024 0.070
13 0.799 0.430 0.026 0.062
13 0.810 0.526 0.018 0.052
13 0.841 0.522 0.020 0.064
13 0.886 0.525 0.018 0.048
13 0.916 0.522 0.016 0.046
13 0.961 0.507 0.016 0.040
13 0.873 0.420 0.025 0.083
13 0.960 0.406 0.022 0.072
13 0.022 0.260 0.035 0.077
13 0.073 0.256 0.021 0.043
13 0.104 0.258 0.022 0.058
13 0.191 0.247 0.037 0.077
13 0.236 0.249 0.024 0.069
13 0.269 0.243 0.020 0.051
13 0.316 0.244 0.028 0.090
13 0.399 0.246 0.031 0.087
13 0.438 0.234 0.030 0.071
13 0.486 0.239 0.031 0.077
13 0.514 0.217 0.019 0.036
13 0.574 0.212 0.014 0.035
13 0.739 0.206 0.018 0.037
13 0.816 0.213 0.033 0.094
13 0.941 0.199 0.026 0.087
13 0.194 0.292 0.037 0.018