13 0.759 0.629 0.060 0.022
13 0.754 0.280 0.068 0.030
11 0.111 0.398 0.150 0.599
13 0.072 0.710 0.084 0.028
11 0.224 0.152 0.072 0.154
11 0.948 0.099 0.049 0.193
13 0.575 0.086 0.020 0.070
11 0.311 0.104 0.050 0.111
11 0.407 0.315 0.201 0.620
13 0.231 0.504 0.016 0.036
13 0.157 0.666 0.046 0.024
13 0.072 0.519 0.058 0.034
13 0.299 0.124 0.028 0.069
13 0.325 0.114 0.020 0.046
13 0.544 0.092 0.021 0.059
13 0.117 0.250 0.056 0.030
13 0.126 0.356 0.060 0.028
13 0.131 0.383 0.064 0.028
13 0.131 0.408 0.045 0.024
13 0.142 0.537 0.056 0.024
13 0.059 0.367 0.041 0.016
13 0.056 0.334 0.040 0.018
13 0.957 0.049 0.026 0.016
13 0.472 0.055 0.045 0.018
13 0.468 0.077 0.034 0.013
13 0.246 0.191 0.028 0.054
13 0.116 0.306 0.041 0.016
11 0.561 0.064 0.061 0.126
11 0.719 0.347 0.165 0.629
13 0.061 0.417 0.046 0.021
13 0.066 0.441 0.058 0.026
13 0.069 0.466 0.051 0.024
13 0.133 0.463 0.040 0.018
13 0.140 0.487 0.062 0.029
13 0.068 0.491 0.046 0.022
13 0.074 0.545 0.054 0.025
13 0.074 0.566 0.061 0.026
13 0.078 0.593 0.061 0.029
13 0.081 0.623 0.055 0.020
13 0.082 0.651 0.059 0.021
13 0.084 0.673 0.060 0.021
13 0.209 0.178 0.045 0.104
13 0.407 0.058 0.037 0.015
13 0.412 0.079 0.033 0.015
13 0.414 0.102 0.036 0.014
13 0.412 0.121 0.044 0.018
13 0.468 0.117 0.036 0.014
13 0.471 0.139 0.037 0.016
13 0.412 0.142 0.043 0.016
13 0.411 0.161 0.044 0.015
13 0.480 0.164 0.062 0.024
13 0.478 0.188 0.054 0.018
13 0.413 0.186 0.041 0.015
13 0.412 0.206 0.040 0.016
13 0.412 0.229 0.048 0.020
13 0.477 0.211 0.051 0.022
13 0.474 0.233 0.041 0.016
13 0.479 0.259 0.050 0.021
13 0.388 0.258 0.075 0.026
13 0.442 0.291 0.076 0.029
13 0.346 0.324 0.060 0.020
13 0.421 0.318 0.049 0.019
13 0.348 0.344 0.054 0.020
13 0.424 0.339 0.052 0.020
13 0.426 0.362 0.054 0.021
13 0.347 0.366 0.056 0.020
13 0.346 0.388 0.064 0.021
13 0.424 0.384 0.046 0.020
13 0.429 0.407 0.055 0.021
13 0.355 0.411 0.058 0.020
13 0.356 0.431 0.048 0.020
13 0.349 0.456 0.065 0.021
13 0.429 0.476 0.058 0.022
13 0.354 0.479 0.059 0.019
13 0.351 0.501 0.058 0.022
13 0.423 0.500 0.039 0.018
13 0.432 0.524 0.044 0.018
13 0.354 0.524 0.060 0.021
13 0.355 0.550 0.055 0.022
13 0.433 0.547 0.059 0.020
13 0.353 0.578 0.064 0.021
13 0.436 0.577 0.061 0.026
13 0.361 0.613 0.064 0.026
13 0.435 0.608 0.060 0.025
13 0.749 0.517 0.037 0.016
13 0.736 0.197 0.037 0.019
13 0.677 0.196 0.043 0.014
13 0.669 0.277 0.065 0.029
13 0.677 0.324 0.058 0.022
13 0.762 0.338 0.080 0.029
13 0.682 0.394 0.041 0.018
13 0.743 0.460 0.033 0.015
13 0.760 0.484 0.070 0.025
13 0.675 0.484 0.065 0.025
13 0.753 0.539 0.041 0.016
13 0.681 0.589 0.065 0.020
13 0.684 0.612 0.058 0.016
13 0.682 0.635 0.056 0.020