11 0.521 0.261 0.654 0.147
13 0.977 0.106 0.026 0.033
13 0.206 0.239 0.028 0.059
13 0.241 0.235 0.020 0.065
13 0.289 0.231 0.021 0.054
13 0.364 0.245 0.019 0.055
13 0.414 0.233 0.021 0.072
13 0.391 0.265 0.018 0.010
13 0.439 0.219 0.015 0.056
13 0.468 0.222 0.014 0.046
13 0.492 0.229 0.022 0.079
13 0.518 0.246 0.016 0.046
13 0.542 0.242 0.019 0.044
13 0.573 0.237 0.015 0.060
13 0.594 0.236 0.019 0.050
13 0.665 0.286 0.030 0.013
13 0.641 0.251 0.009 0.033
13 0.712 0.249 0.014 0.040
13 0.692 0.246 0.011 0.031
13 0.694 0.286 0.029 0.013
13 0.725 0.249 0.015 0.040