1 0.626 0.387 0.116 0.321
18 0.057 0.561 0.089 0.022
18 0.092 0.451 0.081 0.019
18 0.907 0.185 0.076 0.025
18 0.954 0.461 0.071 0.034
18 0.509 0.422 0.075 0.021
18 0.416 0.478 0.066 0.021
18 0.423 0.429 0.076 0.020
18 0.345 0.434 0.072 0.020
18 0.407 0.551 0.080 0.020
18 0.122 0.524 0.083 0.018
18 0.212 0.561 0.090 0.016
18 0.256 0.441 0.079 0.026
18 0.145 0.404 0.080 0.021
18 0.253 0.397 0.081 0.019
18 0.510 0.542 0.052 0.014
18 0.309 0.554 0.080 0.021
18 0.238 0.519 0.074 0.020
18 0.249 0.489 0.079 0.021
18 0.335 0.484 0.075 0.020
18 0.332 0.509 0.069 0.026
18 0.425 0.500 0.075 0.025
18 0.488 0.470 0.069 0.020
18 0.516 0.494 0.068 0.018
18 0.498 0.374 0.061 0.024
18 0.333 0.389 0.070 0.022