11 0.625 0.662 0.552 0.156
11 0.198 0.551 0.343 0.201
11 0.213 0.816 0.241 0.144
11 0.606 0.933 0.499 0.134
13 0.043 0.489 0.024 0.069
13 0.073 0.489 0.024 0.069
13 0.107 0.487 0.024 0.069
13 0.137 0.489 0.024 0.069
13 0.202 0.491 0.024 0.069
13 0.238 0.493 0.019 0.059
13 0.264 0.490 0.025 0.072
13 0.305 0.497 0.025 0.072
13 0.355 0.525 0.028 0.077
13 0.311 0.608 0.028 0.077
13 0.268 0.595 0.028 0.077
13 0.229 0.591 0.028 0.077
13 0.191 0.596 0.028 0.077
13 0.154 0.594 0.028 0.077
13 0.117 0.593 0.028 0.077
13 0.043 0.590 0.028 0.077
13 0.075 0.582 0.013 0.029
13 0.104 0.801 0.018 0.045
13 0.130 0.856 0.018 0.045
13 0.237 0.855 0.018 0.045
13 0.319 0.777 0.026 0.070
13 0.409 0.636 0.022 0.056
13 0.438 0.636 0.025 0.059
13 0.550 0.632 0.025 0.062
13 0.607 0.625 0.026 0.068
13 0.750 0.620 0.020 0.065
13 0.777 0.617 0.022 0.059
13 0.611 0.701 0.020 0.055
13 0.669 0.699 0.022 0.061
13 0.779 0.694 0.019 0.052
13 0.839 0.694 0.019 0.058
13 0.894 0.694 0.021 0.065
13 0.375 0.911 0.028 0.091
13 0.425 0.915 0.030 0.070
13 0.636 0.944 0.030 0.083
13 0.756 0.942 0.028 0.074
13 0.802 0.934 0.030 0.083
13 0.840 0.917 0.028 0.089