18 0.620 0.218 0.018 0.009
11 0.449 0.527 0.185 0.265
11 0.268 0.601 0.196 0.240
13 0.156 0.769 0.058 0.040
13 0.799 0.549 0.054 0.019
18 0.540 0.259 0.015 0.007
13 0.386 0.414 0.058 0.020
13 0.477 0.502 0.064 0.024
13 0.226 0.608 0.040 0.030
13 0.247 0.499 0.056 0.037
13 0.259 0.523 0.052 0.039
13 0.272 0.542 0.054 0.035
13 0.273 0.564 0.040 0.024
13 0.292 0.583 0.060 0.035
13 0.296 0.607 0.043 0.026
13 0.318 0.626 0.051 0.034
13 0.252 0.644 0.044 0.030
13 0.258 0.662 0.037 0.025
13 0.270 0.686 0.035 0.026
13 0.333 0.674 0.040 0.025
13 0.407 0.507 0.044 0.021
13 0.414 0.526 0.043 0.025
13 0.417 0.547 0.039 0.020
13 0.421 0.566 0.045 0.024
13 0.434 0.584 0.034 0.018
13 0.440 0.606 0.040 0.019
13 0.486 0.559 0.043 0.025
13 0.452 0.436 0.044 0.022
13 0.441 0.417 0.054 0.028
11 0.764 0.436 0.419 0.315
11 0.099 0.634 0.185 0.306