6 0.569 0.404 0.185 0.767
18 0.531 0.343 0.011 0.026
18 0.554 0.239 0.013 0.024
18 0.603 0.161 0.011 0.024
18 0.616 0.204 0.011 0.025
18 0.623 0.160 0.011 0.022
18 0.605 0.117 0.010 0.024
18 0.621 0.122 0.013 0.020
18 0.610 0.079 0.010 0.025
18 0.629 0.057 0.010 0.024
18 0.628 0.092 0.011 0.022
18 0.051 0.033 0.026 0.014
18 0.083 0.033 0.024 0.013
18 0.114 0.032 0.025 0.014
18 0.155 0.029 0.022 0.013
18 0.183 0.029 0.019 0.011
18 0.243 0.026 0.026 0.011
18 0.601 0.615 0.011 0.022
18 0.595 0.710 0.013 0.022
18 0.144 0.842 0.028 0.019
18 0.141 0.861 0.035 0.015
18 0.136 0.876 0.025 0.010
18 0.125 0.892 0.040 0.015
18 0.130 0.906 0.030 0.013
18 0.118 0.959 0.024 0.013
18 0.111 0.973 0.024 0.007
18 0.107 0.991 0.022 0.010
18 0.113 0.837 0.014 0.019
18 0.429 0.886 0.026 0.013
18 0.421 0.910 0.026 0.015
18 0.392 0.925 0.021 0.020
18 0.355 0.989 0.015 0.021
18 0.593 0.993 0.014 0.014