11 0.491 0.561 0.730 0.235
11 0.500 0.193 0.720 0.261
11 0.428 0.891 0.536 0.217
13 0.527 0.278 0.034 0.100
13 0.429 0.136 0.034 0.128
13 0.568 0.274 0.034 0.100
13 0.603 0.278 0.034 0.100
13 0.186 0.240 0.062 0.022
13 0.362 0.509 0.036 0.101
13 0.401 0.514 0.033 0.089
13 0.246 0.636 0.033 0.089
13 0.376 0.627 0.030 0.081
13 0.530 0.626 0.030 0.081
13 0.597 0.504 0.031 0.109
13 0.633 0.501 0.041 0.107
13 0.668 0.502 0.041 0.107
13 0.749 0.500 0.037 0.100
13 0.789 0.509 0.035 0.076
13 0.802 0.620 0.037 0.090
13 0.694 0.615 0.029 0.083
13 0.220 0.926 0.040 0.099
13 0.511 0.821 0.034 0.061
13 0.578 0.814 0.030 0.065