11 0.649 0.600 0.352 0.800
11 0.217 0.519 0.278 0.961
13 0.133 0.051 0.072 0.030
13 0.278 0.051 0.072 0.030
13 0.203 0.051 0.072 0.030
13 0.136 0.106 0.113 0.041
13 0.286 0.109 0.126 0.054
13 0.138 0.156 0.111 0.041
13 0.279 0.173 0.111 0.041
13 0.142 0.246 0.098 0.037
13 0.288 0.226 0.134 0.048
13 0.141 0.282 0.100 0.036
13 0.282 0.276 0.121 0.044
13 0.284 0.322 0.121 0.044
13 0.292 0.427 0.102 0.035
13 0.291 0.367 0.121 0.044
13 0.139 0.482 0.120 0.055
13 0.294 0.552 0.121 0.045
13 0.141 0.612 0.090 0.036
13 0.138 0.670 0.106 0.045
13 0.281 0.731 0.100 0.040
13 0.276 0.861 0.084 0.039
13 0.568 0.241 0.037 0.064
13 0.554 0.332 0.043 0.109
13 0.531 0.448 0.090 0.036
13 0.529 0.491 0.080 0.035
13 0.529 0.551 0.089 0.033
13 0.519 0.607 0.094 0.034
13 0.523 0.706 0.101 0.040
13 0.519 0.804 0.096 0.036
13 0.522 0.848 0.096 0.036
13 0.522 0.903 0.096 0.036
13 0.667 0.217 0.122 0.041
13 0.652 0.273 0.100 0.029
13 0.624 0.509 0.028 0.076
13 0.665 0.514 0.028 0.076
13 0.701 0.511 0.035 0.105
13 0.736 0.512 0.029 0.096
13 0.769 0.522 0.026 0.077
13 0.735 0.632 0.028 0.069
13 0.619 0.809 0.029 0.090
13 0.660 0.824 0.028 0.080
13 0.761 0.824 0.025 0.069
13 0.663 0.924 0.029 0.062
13 0.766 0.919 0.026 0.070
13 0.809 0.929 0.029 0.085