13 0.057 0.573 0.061 0.024
13 0.031 0.343 0.030 0.011
13 0.510 0.932 0.015 0.016
13 0.531 0.936 0.014 0.013
13 0.549 0.938 0.014 0.013
13 0.569 0.939 0.011 0.013
13 0.611 0.941 0.018 0.018
13 0.630 0.947 0.007 0.006
13 0.664 0.984 0.046 0.033
13 0.683 0.995 0.021 0.010
11 0.152 0.924 0.044 0.104
11 0.231 0.897 0.055 0.133
11 0.285 0.924 0.030 0.111
11 0.159 0.265 0.206 0.145
11 0.329 0.911 0.035 0.091
11 0.405 0.867 0.070 0.084
11 0.061 0.447 0.086 0.151
11 0.259 0.159 0.094 0.058
13 0.041 0.377 0.049 0.016
13 0.049 0.403 0.056 0.030
13 0.058 0.434 0.072 0.020
13 0.059 0.479 0.086 0.030
13 0.066 0.510 0.077 0.022
13 0.244 0.209 0.035 0.034
13 0.234 0.226 0.039 0.041
13 0.220 0.241 0.052 0.060
13 0.196 0.244 0.031 0.044
13 0.181 0.251 0.026 0.035
13 0.168 0.268 0.034 0.046
13 0.148 0.281 0.036 0.044
13 0.128 0.284 0.028 0.034
13 0.109 0.295 0.030 0.037
13 0.095 0.311 0.037 0.045
13 0.075 0.314 0.022 0.030
13 0.064 0.324 0.024 0.030
13 0.139 0.936 0.016 0.065
13 0.216 0.888 0.020 0.049
13 0.216 0.941 0.016 0.043
13 0.242 0.901 0.014 0.035
13 0.242 0.942 0.014 0.039
13 0.284 0.874 0.034 0.013
13 0.321 0.881 0.014 0.035
13 0.319 0.928 0.013 0.039
13 0.338 0.936 0.019 0.043
13 0.404 0.837 0.069 0.024
13 0.389 0.872 0.022 0.014
13 0.384 0.886 0.025 0.011
13 0.419 0.901 0.025 0.015