11 0.289 0.248 0.575 0.339
11 0.890 0.426 0.200 0.477
11 0.288 0.870 0.524 0.233
13 0.089 0.510 0.136 0.152
13 0.098 0.614 0.110 0.041
13 0.770 0.724 0.033 0.074
13 0.531 0.144 0.070 0.128
13 0.199 0.228 0.111 0.193
13 0.077 0.271 0.117 0.206
13 0.876 0.230 0.186 0.068
13 0.884 0.382 0.166 0.061
13 0.892 0.514 0.146 0.052
13 0.890 0.581 0.122 0.043
13 0.887 0.637 0.089 0.033
13 0.942 0.693 0.096 0.046
13 0.851 0.694 0.080 0.033
13 0.749 0.838 0.043 0.095
13 0.506 0.848 0.080 0.190
13 0.241 0.896 0.041 0.107
13 0.102 0.797 0.124 0.050