4 0.731 0.369 0.147 0.152
4 0.879 0.691 0.109 0.109
18 0.101 0.798 0.018 0.009
18 0.191 0.801 0.016 0.013
18 0.326 0.854 0.011 0.015
18 0.525 0.857 0.015 0.011
18 0.087 0.508 0.018 0.014
18 0.106 0.079 0.020 0.010
18 0.055 0.007 0.015 0.009
18 0.037 0.007 0.016 0.009
18 0.091 0.016 0.020 0.009
18 0.091 0.006 0.020 0.007
18 0.971 0.658 0.009 0.016
18 0.995 0.721 0.007 0.018
18 0.994 0.667 0.010 0.015
18 0.995 0.651 0.007 0.015
18 0.006 0.007 0.009 0.009
18 0.005 0.015 0.007 0.007
18 0.127 0.500 0.016 0.007
18 0.162 0.379 0.009 0.019
18 0.926 0.876 0.016 0.011