13 0.202 0.927 0.021 0.034
13 0.294 0.879 0.009 0.020
13 0.261 0.790 0.010 0.020
13 0.361 0.741 0.009 0.021
13 0.409 0.759 0.011 0.020
13 0.401 0.827 0.006 0.019
13 0.375 0.911 0.007 0.019
13 0.465 0.944 0.010 0.016
13 0.482 0.910 0.007 0.015
13 0.721 0.573 0.026 0.021
13 0.766 0.657 0.025 0.010
13 0.959 0.529 0.020 0.011
11 0.164 0.509 0.150 0.087
11 0.816 0.314 0.207 0.034
13 0.058 0.490 0.010 0.028
13 0.071 0.492 0.009 0.022
13 0.113 0.522 0.009 0.022
13 0.125 0.524 0.010 0.026
13 0.126 0.490 0.007 0.018
13 0.138 0.491 0.009 0.021
13 0.147 0.489 0.009 0.028
13 0.159 0.490 0.007 0.022
13 0.171 0.493 0.009 0.021
13 0.184 0.490 0.011 0.028
13 0.211 0.492 0.009 0.024
13 0.158 0.527 0.010 0.031
13 0.174 0.530 0.013 0.035
13 0.226 0.516 0.016 0.071
13 0.205 0.532 0.015 0.036
6 0.519 0.381 0.963 0.100