11 0.914 0.148 0.172 0.294
11 0.469 0.228 0.388 0.168
11 0.876 0.552 0.121 0.338
11 0.525 0.634 0.223 0.163
11 0.490 0.425 0.310 0.155
13 0.704 0.094 0.014 0.040
11 0.384 0.056 0.519 0.110
13 0.825 0.674 0.022 0.071
13 0.829 0.589 0.022 0.080
13 0.834 0.467 0.036 0.146
13 0.843 0.237 0.034 0.110
13 0.854 0.136 0.018 0.039
13 0.984 0.019 0.031 0.025
13 0.420 0.565 0.015 0.035
13 0.439 0.685 0.018 0.035
13 0.452 0.608 0.019 0.052
13 0.463 0.683 0.025 0.056
13 0.485 0.675 0.025 0.055
13 0.477 0.604 0.021 0.062
13 0.501 0.602 0.016 0.054
13 0.515 0.672 0.022 0.048
13 0.542 0.668 0.022 0.054
13 0.529 0.603 0.020 0.046
13 0.554 0.596 0.018 0.054
13 0.590 0.662 0.020 0.051
13 0.604 0.588 0.020 0.052
13 0.620 0.652 0.033 0.058
13 0.297 0.019 0.024 0.035
13 0.324 0.021 0.015 0.040
13 0.354 0.020 0.021 0.037
13 0.376 0.019 0.025 0.035
13 0.429 0.013 0.011 0.022
13 0.454 0.011 0.018 0.020
13 0.311 0.088 0.016 0.044
13 0.289 0.193 0.036 0.052
13 0.338 0.083 0.024 0.058
13 0.390 0.075 0.018 0.055
13 0.417 0.074 0.025 0.061
13 0.441 0.066 0.018 0.050
13 0.464 0.062 0.020 0.052
13 0.492 0.058 0.022 0.058
13 0.517 0.052 0.019 0.052
13 0.544 0.049 0.021 0.054
13 0.568 0.045 0.013 0.045
13 0.626 0.032 0.036 0.059
13 0.331 0.223 0.019 0.048
13 0.341 0.286 0.018 0.051
13 0.371 0.283 0.021 0.051
13 0.394 0.282 0.024 0.050
13 0.424 0.276 0.022 0.055
13 0.448 0.278 0.022 0.046
13 0.477 0.265 0.018 0.040
13 0.359 0.219 0.020 0.050
13 0.384 0.213 0.020 0.054
13 0.411 0.207 0.021 0.052
13 0.434 0.204 0.016 0.054
13 0.464 0.199 0.016 0.052
13 0.487 0.196 0.022 0.051
13 0.496 0.262 0.019 0.049
13 0.524 0.258 0.021 0.058
13 0.547 0.251 0.015 0.043
13 0.578 0.247 0.018 0.050
13 0.564 0.179 0.025 0.055
13 0.588 0.177 0.015 0.049
13 0.616 0.171 0.018 0.049
13 0.631 0.241 0.014 0.043
13 0.654 0.236 0.018 0.049
13 0.365 0.421 0.020 0.054
13 0.391 0.413 0.020 0.056
13 0.414 0.412 0.020 0.056
13 0.407 0.481 0.014 0.035
13 0.431 0.479 0.019 0.049
13 0.455 0.475 0.018 0.045
13 0.443 0.403 0.022 0.046
13 0.465 0.399 0.025 0.055
13 0.518 0.397 0.019 0.054
13 0.507 0.464 0.016 0.054
13 0.530 0.469 0.018 0.041
13 0.544 0.392 0.024 0.054
13 0.569 0.387 0.024 0.051
13 0.559 0.458 0.020 0.054
13 0.581 0.451 0.024 0.049
13 0.611 0.450 0.021 0.055
13 0.633 0.444 0.024 0.052
13 0.598 0.379 0.016 0.044
13 0.623 0.377 0.021 0.059