11 0.419 0.627 0.835 0.359
11 0.361 0.174 0.720 0.286
13 0.677 0.217 0.052 0.122
13 0.624 0.221 0.039 0.138
13 0.575 0.237 0.048 0.160
13 0.466 0.229 0.040 0.131
13 0.412 0.242 0.040 0.131
13 0.269 0.241 0.036 0.106
13 0.220 0.248 0.043 0.126
13 0.072 0.259 0.039 0.106
13 0.021 0.266 0.039 0.106
13 0.034 0.114 0.039 0.106
13 0.079 0.109 0.039 0.117
13 0.179 0.138 0.133 0.048
13 0.293 0.093 0.044 0.104
13 0.370 0.098 0.037 0.087
13 0.409 0.083 0.039 0.109
13 0.452 0.086 0.036 0.098
13 0.526 0.088 0.031 0.089
13 0.603 0.077 0.033 0.094
13 0.071 0.536 0.031 0.109
13 0.026 0.691 0.048 0.140
13 0.076 0.681 0.037 0.117
13 0.198 0.696 0.045 0.135
13 0.294 0.696 0.043 0.122
13 0.338 0.699 0.043 0.122
13 0.393 0.703 0.043 0.135
13 0.129 0.518 0.045 0.139
13 0.177 0.534 0.040 0.109
13 0.228 0.517 0.043 0.139
13 0.274 0.527 0.041 0.125
13 0.454 0.519 0.051 0.136
13 0.493 0.697 0.049 0.149
13 0.556 0.703 0.049 0.149
13 0.567 0.520 0.044 0.125
13 0.613 0.522 0.039 0.146
13 0.743 0.600 0.180 0.062
13 0.744 0.724 0.180 0.054
13 0.729 0.779 0.140 0.049