11 0.476 0.895 0.407 0.150
13 0.719 0.869 0.019 0.049
13 0.292 0.761 0.045 0.020
11 0.510 0.703 0.355 0.099
11 0.779 0.626 0.111 0.456
11 0.477 0.516 0.331 0.109
11 0.494 0.384 0.331 0.081
18 0.499 0.246 0.015 0.005
13 0.137 0.191 0.024 0.045
13 0.389 0.401 0.014 0.033
13 0.519 0.404 0.018 0.044
13 0.559 0.401 0.013 0.039
13 0.623 0.489 0.019 0.060
13 0.600 0.501 0.013 0.031
13 0.519 0.498 0.015 0.041
13 0.454 0.551 0.014 0.035
13 0.683 0.726 0.011 0.046
13 0.369 0.868 0.015 0.046
13 0.784 0.728 0.034 0.016
13 0.744 0.492 0.043 0.018
13 0.749 0.511 0.039 0.016