11 0.416 0.121 0.354 0.189
11 0.437 0.380 0.376 0.152
11 0.420 0.616 0.355 0.165
11 0.421 0.874 0.359 0.188
13 0.354 0.069 0.022 0.081
13 0.317 0.077 0.036 0.065
13 0.482 0.077 0.019 0.050
13 0.516 0.083 0.018 0.052
13 0.564 0.073 0.024 0.079
13 0.320 0.168 0.020 0.065
13 0.359 0.171 0.024 0.074
13 0.390 0.174 0.020 0.072
13 0.428 0.173 0.021 0.071
13 0.456 0.168 0.014 0.041
13 0.498 0.172 0.024 0.070
13 0.527 0.166 0.015 0.043
13 0.564 0.176 0.020 0.069
13 0.302 0.340 0.028 0.050
13 0.305 0.424 0.015 0.046
13 0.334 0.418 0.020 0.056
13 0.367 0.336 0.022 0.065
13 0.328 0.341 0.018 0.043
13 0.466 0.342 0.021 0.059
13 0.503 0.335 0.021 0.060
13 0.465 0.422 0.018 0.054
13 0.536 0.337 0.024 0.066
13 0.504 0.421 0.018 0.046
13 0.570 0.338 0.018 0.066
13 0.568 0.422 0.019 0.064
13 0.609 0.374 0.029 0.107
13 0.305 0.664 0.025 0.065
13 0.303 0.574 0.021 0.050
13 0.336 0.578 0.020 0.055
13 0.374 0.574 0.016 0.041
13 0.334 0.653 0.015 0.036
13 0.372 0.663 0.026 0.071
13 0.439 0.568 0.019 0.062
13 0.399 0.649 0.018 0.040
13 0.297 0.829 0.018 0.041
13 0.364 0.914 0.020 0.054
13 0.412 0.921 0.022 0.079
13 0.437 0.818 0.019 0.075
13 0.463 0.828 0.019 0.054
13 0.506 0.819 0.019 0.071
13 0.451 0.918 0.028 0.076
13 0.539 0.819 0.024 0.052
13 0.575 0.813 0.020 0.064
13 0.573 0.921 0.028 0.087
13 0.472 0.652 0.022 0.058
13 0.440 0.651 0.018 0.052
13 0.469 0.572 0.025 0.059
13 0.505 0.569 0.018 0.060
13 0.536 0.566 0.019 0.056
13 0.537 0.656 0.015 0.059
13 0.575 0.649 0.022 0.056
13 0.571 0.574 0.021 0.055