11 0.210 0.323 0.165 0.449
11 0.598 0.798 0.760 0.216
11 0.695 0.588 0.512 0.170
11 0.696 0.360 0.570 0.177
11 0.935 0.245 0.122 0.168
13 0.706 0.031 0.025 0.058
13 0.184 0.117 0.111 0.030
13 0.184 0.154 0.091 0.029
13 0.193 0.194 0.077 0.028
13 0.196 0.225 0.077 0.028
13 0.181 0.259 0.085 0.030
13 0.189 0.294 0.074 0.028
13 0.190 0.331 0.077 0.033
13 0.188 0.365 0.083 0.030
13 0.196 0.401 0.083 0.030
13 0.194 0.439 0.099 0.031
13 0.184 0.474 0.104 0.039
13 0.217 0.519 0.140 0.045
13 0.472 0.321 0.022 0.061
13 0.534 0.312 0.024 0.072
13 0.568 0.314 0.024 0.072
13 0.598 0.312 0.024 0.072
13 0.683 0.309 0.024 0.072
13 0.707 0.311 0.024 0.072
13 0.762 0.316 0.024 0.072
13 0.474 0.405 0.034 0.072
13 0.506 0.408 0.024 0.064
13 0.538 0.409 0.026 0.070
13 0.569 0.411 0.026 0.070
13 0.627 0.408 0.021 0.066
13 0.682 0.407 0.021 0.066
13 0.709 0.402 0.021 0.054
13 0.738 0.403 0.028 0.061
13 0.792 0.403 0.026 0.065
13 0.763 0.401 0.021 0.059
13 0.817 0.398 0.021 0.059
13 0.871 0.396 0.021 0.059
13 0.919 0.401 0.021 0.059
13 0.938 0.539 0.020 0.046
13 0.911 0.540 0.021 0.060
13 0.887 0.543 0.024 0.049
13 0.839 0.536 0.024 0.049
13 0.788 0.541 0.024 0.049
13 0.763 0.547 0.024 0.049
13 0.711 0.549 0.026 0.059
13 0.687 0.541 0.026 0.059
13 0.608 0.527 0.084 0.024
13 0.604 0.563 0.084 0.024
13 0.491 0.613 0.083 0.029
13 0.618 0.607 0.083 0.029
13 0.611 0.644 0.083 0.029
13 0.713 0.628 0.025 0.044
13 0.738 0.619 0.018 0.054
13 0.766 0.621 0.018 0.054
13 0.795 0.619 0.018 0.054
13 0.814 0.621 0.018 0.054
13 0.838 0.617 0.018 0.054
13 0.861 0.612 0.018 0.054
13 0.272 0.708 0.079 0.025
13 0.264 0.746 0.079 0.025
13 0.274 0.812 0.080 0.033
13 0.279 0.850 0.080 0.033
13 0.268 0.887 0.096 0.033
13 0.936 0.301 0.084 0.024
13 0.931 0.264 0.071 0.026
13 0.926 0.227 0.071 0.026
13 0.911 0.184 0.089 0.036