11 0.064 0.536 0.126 0.741
11 0.247 0.495 0.096 0.740
11 0.402 0.487 0.116 0.706
11 0.579 0.510 0.138 0.757
11 0.789 0.399 0.104 0.651
11 0.925 0.506 0.115 0.700
13 0.088 0.376 0.061 0.016
13 0.091 0.309 0.075 0.021
13 0.084 0.346 0.054 0.020
13 0.084 0.405 0.058 0.020
13 0.089 0.438 0.054 0.020
13 0.087 0.472 0.054 0.020
13 0.084 0.504 0.054 0.019
13 0.091 0.533 0.055 0.019
13 0.085 0.567 0.045 0.019
13 0.092 0.601 0.052 0.019
13 0.094 0.630 0.054 0.020
13 0.092 0.664 0.054 0.020
13 0.098 0.729 0.065 0.022
13 0.099 0.759 0.056 0.022
13 0.100 0.792 0.050 0.018
13 0.095 0.821 0.055 0.020
13 0.251 0.152 0.046 0.016
13 0.251 0.177 0.048 0.018
13 0.251 0.203 0.049 0.018
13 0.253 0.228 0.048 0.020
13 0.252 0.252 0.046 0.019
13 0.256 0.276 0.052 0.020
13 0.258 0.301 0.046 0.018
13 0.250 0.328 0.037 0.016
13 0.256 0.351 0.044 0.018
13 0.253 0.376 0.046 0.018
13 0.259 0.401 0.045 0.019
13 0.254 0.425 0.052 0.020
13 0.259 0.449 0.052 0.020
13 0.259 0.476 0.046 0.019
13 0.263 0.501 0.046 0.019
13 0.261 0.525 0.041 0.015
13 0.259 0.550 0.045 0.020
13 0.259 0.576 0.045 0.018
13 0.260 0.601 0.045 0.019
13 0.263 0.624 0.045 0.020
13 0.263 0.650 0.046 0.018
13 0.264 0.675 0.046 0.020
13 0.265 0.699 0.048 0.019
13 0.268 0.726 0.046 0.021
13 0.266 0.751 0.045 0.019
13 0.266 0.776 0.045 0.018
13 0.268 0.825 0.046 0.018
13 0.263 0.850 0.036 0.020
13 0.769 0.135 0.062 0.022
13 0.772 0.198 0.058 0.019
13 0.777 0.225 0.055 0.022
13 0.774 0.281 0.051 0.019
13 0.774 0.308 0.059 0.024
13 0.777 0.364 0.058 0.021
13 0.781 0.393 0.059 0.022
13 0.782 0.420 0.056 0.022
13 0.785 0.447 0.055 0.021
13 0.781 0.474 0.050 0.018
13 0.782 0.498 0.055 0.021
13 0.782 0.525 0.054 0.020
13 0.786 0.551 0.058 0.020
13 0.784 0.576 0.054 0.018
13 0.785 0.603 0.055 0.021
13 0.786 0.681 0.060 0.019
13 0.784 0.709 0.049 0.022
13 0.388 0.199 0.065 0.029
13 0.394 0.294 0.061 0.021
13 0.399 0.326 0.070 0.026
13 0.398 0.415 0.061 0.025
13 0.404 0.504 0.061 0.021
13 0.403 0.564 0.064 0.022
13 0.406 0.595 0.052 0.022
13 0.408 0.654 0.059 0.020
13 0.411 0.714 0.066 0.026
13 0.414 0.773 0.061 0.026
13 0.416 0.804 0.058 0.021
13 0.408 0.154 0.099 0.035
13 0.401 0.380 0.046 0.020
13 0.403 0.829 0.034 0.019
13 0.563 0.142 0.096 0.028
13 0.588 0.225 0.099 0.033
13 0.592 0.299 0.079 0.028
13 0.590 0.334 0.077 0.024
13 0.588 0.372 0.077 0.025
13 0.596 0.513 0.083 0.029
13 0.602 0.442 0.089 0.034
13 0.599 0.581 0.075 0.026
13 0.596 0.611 0.074 0.024
13 0.600 0.639 0.072 0.024
13 0.598 0.672 0.070 0.026
13 0.599 0.731 0.074 0.026
13 0.599 0.761 0.071 0.022
13 0.603 0.791 0.070 0.024
13 0.611 0.821 0.069 0.028
13 0.918 0.165 0.066 0.022
13 0.920 0.198 0.072 0.025
13 0.919 0.236 0.069 0.025
13 0.918 0.269 0.071 0.025
13 0.924 0.304 0.066 0.026
13 0.929 0.342 0.072 0.026
13 0.926 0.375 0.075 0.025
13 0.931 0.471 0.076 0.026
13 0.930 0.503 0.068 0.029
13 0.932 0.537 0.069 0.024
13 0.932 0.568 0.068 0.029
13 0.936 0.599 0.072 0.025
13 0.941 0.631 0.074 0.028
13 0.935 0.660 0.060 0.020
13 0.936 0.694 0.064 0.021
13 0.936 0.725 0.069 0.025
13 0.944 0.757 0.079 0.029
13 0.919 0.816 0.031 0.079
13 0.587 0.187 0.069 0.021
13 0.214 0.625 0.022 0.062
13 0.797 0.084 0.085 0.026