11 0.116 0.474 0.230 0.297
11 0.591 0.522 0.380 0.874
11 0.878 0.494 0.244 0.165
13 0.155 0.397 0.055 0.096
13 0.190 0.512 0.080 0.044
13 0.514 0.124 0.142 0.077
13 0.564 0.156 0.085 0.052
13 0.581 0.195 0.085 0.052
13 0.465 0.242 0.100 0.062
13 0.482 0.287 0.100 0.062
13 0.520 0.362 0.092 0.055
13 0.629 0.269 0.100 0.064
13 0.655 0.352 0.080 0.049
13 0.551 0.444 0.101 0.061
13 0.569 0.481 0.095 0.055
13 0.634 0.637 0.104 0.065
13 0.701 0.729 0.085 0.117
13 0.749 0.681 0.044 0.059
13 0.772 0.524 0.026 0.048
13 0.804 0.504 0.046 0.099
13 0.837 0.491 0.046 0.099
13 0.881 0.468 0.046 0.099
13 0.966 0.449 0.046 0.071
13 0.691 0.554 0.040 0.056
13 0.423 0.182 0.034 0.021