11 0.696 0.424 0.212 0.596
11 0.911 0.200 0.065 0.168
11 0.186 0.452 0.174 0.554
11 0.436 0.441 0.174 0.580
18 0.477 0.061 0.014 0.037
18 0.672 0.060 0.015 0.033
18 0.604 0.064 0.014 0.030
18 0.587 0.066 0.011 0.030
18 0.973 0.104 0.011 0.022
18 0.934 0.035 0.033 0.013
18 0.936 0.055 0.035 0.013
18 0.611 0.097 0.015 0.004
13 0.902 0.253 0.030 0.062
13 0.928 0.228 0.029 0.050
13 0.133 0.196 0.069 0.018
13 0.228 0.201 0.046 0.014
13 0.137 0.231 0.054 0.014
13 0.239 0.233 0.065 0.020
13 0.240 0.265 0.062 0.018
13 0.138 0.265 0.062 0.015
13 0.142 0.299 0.060 0.020
13 0.239 0.300 0.054 0.015
13 0.237 0.331 0.060 0.022
13 0.233 0.362 0.044 0.018
13 0.141 0.366 0.052 0.020
13 0.238 0.432 0.064 0.018
13 0.141 0.398 0.056 0.019
13 0.134 0.429 0.059 0.016
13 0.234 0.496 0.058 0.018
13 0.141 0.464 0.055 0.020
13 0.138 0.499 0.056 0.020
13 0.226 0.533 0.039 0.014
13 0.237 0.561 0.049 0.018
13 0.135 0.526 0.062 0.022
13 0.140 0.567 0.058 0.021
13 0.236 0.629 0.058 0.016
13 0.142 0.627 0.051 0.018
13 0.144 0.663 0.052 0.016
13 0.234 0.664 0.059 0.014
13 0.149 0.711 0.064 0.014
13 0.226 0.708 0.071 0.045
13 0.482 0.168 0.066 0.022
13 0.479 0.199 0.066 0.020
13 0.477 0.230 0.044 0.015
13 0.386 0.263 0.056 0.020
13 0.383 0.298 0.055 0.016
13 0.388 0.334 0.052 0.015
13 0.474 0.333 0.041 0.014
13 0.486 0.366 0.066 0.016
13 0.383 0.364 0.055 0.019
13 0.480 0.402 0.055 0.014
13 0.385 0.400 0.055 0.018
13 0.482 0.464 0.066 0.019
13 0.472 0.432 0.056 0.018
13 0.387 0.454 0.061 0.029
13 0.477 0.533 0.049 0.014
13 0.485 0.497 0.062 0.019
13 0.383 0.530 0.064 0.020
13 0.483 0.565 0.051 0.015
13 0.388 0.564 0.051 0.015
13 0.482 0.636 0.055 0.024
13 0.383 0.631 0.059 0.019
13 0.385 0.598 0.060 0.018
13 0.384 0.667 0.065 0.021
13 0.394 0.713 0.084 0.040
13 0.482 0.709 0.079 0.031
13 0.753 0.169 0.074 0.021
13 0.745 0.208 0.075 0.019
13 0.632 0.202 0.069 0.019
13 0.627 0.240 0.070 0.025
13 0.741 0.244 0.080 0.024
13 0.744 0.283 0.080 0.024
13 0.746 0.324 0.089 0.028
13 0.738 0.362 0.074 0.024
13 0.743 0.399 0.085 0.025
13 0.745 0.433 0.065 0.021
13 0.747 0.477 0.091 0.029
13 0.743 0.511 0.074 0.026
13 0.746 0.590 0.077 0.022
13 0.752 0.627 0.094 0.030
13 0.754 0.709 0.100 0.033
13 0.634 0.705 0.089 0.030
13 0.636 0.666 0.074 0.025
13 0.635 0.629 0.075 0.021
13 0.631 0.594 0.068 0.021
13 0.632 0.557 0.070 0.022
13 0.636 0.484 0.065 0.019
13 0.626 0.454 0.076 0.021
13 0.634 0.416 0.068 0.025
13 0.628 0.383 0.069 0.021
13 0.636 0.344 0.054 0.018
13 0.634 0.272 0.066 0.024
18 0.939 0.072 0.044 0.016