2 0.108 0.483 0.156 0.189
2 0.339 0.499 0.193 0.212
18 0.139 0.346 0.021 0.009
18 0.042 0.280 0.016 0.007
18 0.014 0.131 0.009 0.016
18 0.576 0.036 0.010 0.020
18 0.579 0.099 0.007 0.018
18 0.600 0.084 0.013 0.050
18 0.613 0.093 0.013 0.034
18 0.635 0.078 0.013 0.056
18 0.647 0.099 0.011 0.022
18 0.677 0.084 0.010 0.046
18 0.690 0.078 0.010 0.056
18 0.702 0.081 0.011 0.054
18 0.724 0.094 0.010 0.031
18 0.747 0.079 0.009 0.034
18 0.759 0.062 0.010 0.054
18 0.780 0.077 0.013 0.046
18 0.838 0.076 0.013 0.050
18 0.734 0.086 0.011 0.040
2 0.819 0.748 0.110 0.087
18 0.775 0.603 0.020 0.007
18 0.961 0.026 0.010 0.018