11 0.767 0.172 0.285 0.228
11 0.732 0.474 0.314 0.301
11 0.824 0.846 0.258 0.193
13 0.663 0.083 0.054 0.046
13 0.643 0.121 0.036 0.036
13 0.661 0.202 0.036 0.049
13 0.718 0.223 0.022 0.049
13 0.736 0.374 0.028 0.070
13 0.754 0.454 0.018 0.044
13 0.675 0.442 0.018 0.044
13 0.626 0.358 0.065 0.024
13 0.625 0.387 0.065 0.024
13 0.626 0.411 0.052 0.021
13 0.615 0.461 0.052 0.021
13 0.606 0.490 0.060 0.022
13 0.608 0.515 0.060 0.022
13 0.605 0.542 0.052 0.020
13 0.604 0.576 0.052 0.020
13 0.592 0.605 0.066 0.028
13 0.733 0.846 0.080 0.059
13 0.741 0.878 0.056 0.049
13 0.758 0.913 0.056 0.049
13 0.781 0.927 0.036 0.043