11 0.849 0.123 0.259 0.109
11 0.718 0.339 0.531 0.182
11 0.724 0.595 0.506 0.175
11 0.735 0.831 0.530 0.174
13 0.954 0.396 0.048 0.030
13 0.931 0.357 0.020 0.044
13 0.907 0.353 0.018 0.041
13 0.861 0.356 0.016 0.034
13 0.838 0.361 0.019 0.049
13 0.818 0.362 0.018 0.046
13 0.790 0.369 0.020 0.056
13 0.765 0.364 0.020 0.056
13 0.734 0.371 0.021 0.072
13 0.654 0.374 0.022 0.065
13 0.534 0.383 0.024 0.074
13 0.504 0.385 0.024 0.080
13 0.468 0.292 0.030 0.070
13 0.646 0.289 0.019 0.065
13 0.676 0.288 0.028 0.064
13 0.728 0.289 0.026 0.060
13 0.759 0.292 0.018 0.046
13 0.855 0.281 0.025 0.062
13 0.881 0.284 0.025 0.062
13 0.902 0.288 0.014 0.041
13 0.485 0.569 0.022 0.056
13 0.517 0.568 0.022 0.051
13 0.539 0.568 0.022 0.051
13 0.609 0.561 0.022 0.056
13 0.656 0.557 0.022 0.056
13 0.728 0.551 0.018 0.052
13 0.751 0.546 0.022 0.055
13 0.801 0.546 0.022 0.055
13 0.824 0.541 0.018 0.052
13 0.851 0.539 0.018 0.048
13 0.873 0.541 0.018 0.037
13 0.894 0.541 0.020 0.043
13 0.914 0.541 0.016 0.040
13 0.932 0.538 0.016 0.039
13 0.968 0.499 0.016 0.046
13 0.501 0.647 0.025 0.069
13 0.595 0.637 0.020 0.058
13 0.616 0.637 0.020 0.064
13 0.640 0.637 0.020 0.064
13 0.664 0.632 0.018 0.052
13 0.710 0.626 0.020 0.058
13 0.736 0.624 0.019 0.050
13 0.761 0.634 0.018 0.045
13 0.879 0.623 0.016 0.040
13 0.901 0.620 0.020 0.048
13 0.774 0.088 0.077 0.036
13 0.804 0.156 0.021 0.049
13 0.839 0.144 0.019 0.025
13 0.921 0.154 0.019 0.010
13 0.519 0.804 0.022 0.060
13 0.525 0.887 0.022 0.080
13 0.574 0.801 0.022 0.055
13 0.579 0.881 0.022 0.061
13 0.595 0.796 0.020 0.052
13 0.621 0.796 0.020 0.052
13 0.605 0.869 0.020 0.052
13 0.651 0.875 0.020 0.052
13 0.689 0.787 0.022 0.060
13 0.717 0.859 0.019 0.040
13 0.736 0.786 0.019 0.054
13 0.755 0.789 0.018 0.050
13 0.743 0.859 0.011 0.043
13 0.764 0.856 0.015 0.044
13 0.782 0.786 0.019 0.046
13 0.801 0.783 0.018 0.046
13 0.807 0.852 0.018 0.046
13 0.828 0.784 0.018 0.046
13 0.834 0.852 0.018 0.046
13 0.853 0.848 0.016 0.044
13 0.869 0.777 0.016 0.044
13 0.916 0.771 0.018 0.052
13 0.907 0.848 0.019 0.059
13 0.970 0.861 0.045 0.081