11 0.628 0.734 0.086 0.366
11 0.682 0.384 0.260 0.316
11 0.223 0.556 0.096 0.056
11 0.249 0.714 0.077 0.076
11 0.251 0.858 0.081 0.071
11 0.224 0.359 0.081 0.013
11 0.241 0.287 0.074 0.051
11 0.777 0.733 0.115 0.349
13 0.247 0.301 0.055 0.016
13 0.251 0.217 0.052 0.015
13 0.733 0.282 0.041 0.016
13 0.609 0.333 0.039 0.019
13 0.604 0.354 0.046 0.018
13 0.746 0.306 0.041 0.015
13 0.744 0.367 0.045 0.020
13 0.607 0.399 0.039 0.014
13 0.760 0.418 0.025 0.011
13 0.762 0.515 0.035 0.015
13 0.622 0.576 0.039 0.014
13 0.796 0.569 0.030 0.014
13 0.799 0.590 0.040 0.015
13 0.631 0.650 0.056 0.015
13 0.789 0.655 0.033 0.015
13 0.631 0.676 0.046 0.015
13 0.792 0.676 0.039 0.014
13 0.782 0.696 0.041 0.016
13 0.632 0.739 0.037 0.014
13 0.787 0.718 0.037 0.013
13 0.788 0.741 0.036 0.014
13 0.779 0.782 0.046 0.016
13 0.641 0.781 0.039 0.015
13 0.643 0.803 0.031 0.011
13 0.646 0.827 0.041 0.014
13 0.647 0.846 0.039 0.013
13 0.733 0.882 0.028 0.033
13 0.744 0.866 0.031 0.039
13 0.273 0.863 0.020 0.046