11 0.106 0.501 0.171 0.315
11 0.372 0.469 0.180 0.273
11 0.623 0.347 0.220 0.269
11 0.733 0.141 0.147 0.134
13 0.910 0.374 0.030 0.065
13 0.689 0.076 0.025 0.037
13 0.718 0.089 0.025 0.037
13 0.735 0.106 0.025 0.037
13 0.750 0.193 0.025 0.037
13 0.588 0.250 0.025 0.037
13 0.562 0.229 0.031 0.036
13 0.698 0.161 0.045 0.059
13 0.729 0.174 0.037 0.060
13 0.787 0.136 0.037 0.060
13 0.636 0.321 0.051 0.043
13 0.604 0.274 0.059 0.051
13 0.562 0.346 0.046 0.035
13 0.696 0.404 0.050 0.041
13 0.599 0.391 0.035 0.030
13 0.607 0.415 0.034 0.025
13 0.642 0.430 0.022 0.018
13 0.629 0.459 0.066 0.043
13 0.375 0.343 0.045 0.028
13 0.333 0.471 0.064 0.035
13 0.306 0.359 0.044 0.019
13 0.388 0.368 0.044 0.019
13 0.392 0.389 0.044 0.019
13 0.423 0.504 0.044 0.019
13 0.354 0.523 0.044 0.019
13 0.334 0.442 0.044 0.019
13 0.379 0.593 0.054 0.028
13 0.352 0.567 0.066 0.034
13 0.102 0.352 0.049 0.024
13 0.163 0.364 0.049 0.024
13 0.089 0.404 0.036 0.020
13 0.153 0.414 0.036 0.020
13 0.088 0.434 0.036 0.020
13 0.152 0.466 0.043 0.019
13 0.079 0.456 0.046 0.020
13 0.144 0.503 0.043 0.019
13 0.076 0.491 0.043 0.019
13 0.071 0.517 0.043 0.019
13 0.141 0.527 0.048 0.019
13 0.070 0.549 0.048 0.020
13 0.065 0.574 0.052 0.022
13 0.136 0.588 0.065 0.028
13 0.139 0.561 0.034 0.014
13 0.053 0.617 0.069 0.031
13 0.141 0.629 0.079 0.034
13 0.052 0.651 0.061 0.015
13 0.131 0.819 0.045 0.021