11 0.221 0.647 0.265 0.374
11 0.389 0.440 0.198 0.142
11 0.369 0.233 0.234 0.335
11 0.138 0.332 0.247 0.331
11 0.084 0.922 0.095 0.151
11 0.439 0.918 0.147 0.116
11 0.606 0.724 0.051 0.051
11 0.813 0.666 0.091 0.096
13 0.081 0.896 0.016 0.033
13 0.383 0.926 0.033 0.098
13 0.426 0.915 0.029 0.077
13 0.464 0.899 0.019 0.050
13 0.501 0.887 0.024 0.056
13 0.604 0.721 0.033 0.048
13 0.787 0.661 0.030 0.066
13 0.821 0.659 0.036 0.090
13 0.334 0.796 0.036 0.069
13 0.261 0.800 0.076 0.037
13 0.252 0.766 0.076 0.043
13 0.304 0.701 0.048 0.072
13 0.237 0.731 0.074 0.040
13 0.214 0.698 0.092 0.045
13 0.203 0.667 0.096 0.058
13 0.199 0.636 0.077 0.037
13 0.184 0.601 0.089 0.045
13 0.179 0.564 0.076 0.043
13 0.164 0.545 0.083 0.040
13 0.153 0.502 0.079 0.036
13 0.141 0.471 0.072 0.030
13 0.231 0.444 0.062 0.039
13 0.305 0.479 0.030 0.069
13 0.214 0.414 0.049 0.026
13 0.332 0.471 0.029 0.052
13 0.386 0.451 0.033 0.055
13 0.408 0.442 0.026 0.051
13 0.432 0.434 0.025 0.049
13 0.463 0.424 0.025 0.054
13 0.089 0.193 0.142 0.060
13 0.055 0.245 0.085 0.037
13 0.069 0.274 0.074 0.037
13 0.161 0.249 0.060 0.030
13 0.073 0.307 0.101 0.045
13 0.087 0.347 0.090 0.043
13 0.101 0.380 0.102 0.045
13 0.183 0.312 0.069 0.039
13 0.207 0.376 0.060 0.041
13 0.376 0.386 0.068 0.031
13 0.449 0.329 0.065 0.039
13 0.337 0.285 0.071 0.033
13 0.312 0.193 0.059 0.030
13 0.296 0.164 0.068 0.028
13 0.286 0.134 0.071 0.029
13 0.382 0.092 0.116 0.059
13 0.387 0.136 0.086 0.043
13 0.401 0.161 0.074 0.041
13 0.406 0.192 0.071 0.036
13 0.416 0.234 0.074 0.035
13 0.433 0.258 0.079 0.044
13 0.443 0.294 0.071 0.048
13 0.152 0.212 0.070 0.033
13 0.173 0.276 0.064 0.030
13 0.340 0.221 0.022 0.016