11 0.828 0.246 0.304 0.394
11 0.286 0.263 0.095 0.179
13 0.155 0.182 0.033 0.060
13 0.014 0.591 0.025 0.019
11 0.479 0.318 0.211 0.531
13 0.489 0.171 0.086 0.033
13 0.403 0.108 0.031 0.054
13 0.404 0.180 0.037 0.055
13 0.497 0.264 0.100 0.049
13 0.513 0.326 0.101 0.036
13 0.522 0.379 0.134 0.048
13 0.419 0.432 0.025 0.055
13 0.517 0.479 0.110 0.046
13 0.454 0.542 0.166 0.052
13 0.754 0.151 0.094 0.056
13 0.750 0.213 0.122 0.036
13 0.887 0.208 0.109 0.046
13 0.883 0.258 0.099 0.035
13 0.911 0.309 0.142 0.054
13 0.889 0.366 0.080 0.037
13 0.819 0.421 0.124 0.049
13 0.262 0.276 0.049 0.150
13 0.320 0.323 0.030 0.058
13 0.749 0.258 0.141 0.043
13 0.416 0.359 0.026 0.054
13 0.754 0.318 0.141 0.044
13 0.747 0.366 0.139 0.041
13 0.864 0.126 0.056 0.025
13 0.862 0.089 0.051 0.020