17 0.453 0.666 0.674 0.159
18 0.084 0.821 0.009 0.010
18 0.136 0.844 0.014 0.006
18 0.161 0.841 0.013 0.006
18 0.158 0.846 0.010 0.005
18 0.233 0.844 0.016 0.006
18 0.251 0.799 0.010 0.005
18 0.273 0.763 0.009 0.006
18 0.258 0.875 0.010 0.005
18 0.268 0.888 0.010 0.006
18 0.247 0.885 0.010 0.005
18 0.199 0.930 0.009 0.003
18 0.215 0.930 0.010 0.005
18 0.231 0.931 0.009 0.004
18 0.241 0.930 0.007 0.005
18 0.227 0.889 0.009 0.005
18 0.251 0.932 0.010 0.006
18 0.272 0.933 0.011 0.006
18 0.241 0.917 0.006 0.009
18 0.245 0.905 0.007 0.007
18 0.145 0.993 0.015 0.007
18 0.436 0.994 0.009 0.005