11 0.580 0.326 0.247 0.645
11 0.201 0.429 0.357 0.855
13 0.638 0.054 0.136 0.046
13 0.624 0.156 0.128 0.041
13 0.596 0.319 0.120 0.043
13 0.573 0.476 0.121 0.044
13 0.537 0.620 0.149 0.055
13 0.266 0.043 0.150 0.060
13 0.279 0.104 0.163 0.059
13 0.270 0.155 0.110 0.040
13 0.297 0.220 0.163 0.062
13 0.275 0.392 0.122 0.046
13 0.258 0.564 0.111 0.043
13 0.254 0.611 0.116 0.035
13 0.249 0.671 0.111 0.037
13 0.119 0.111 0.090 0.054
13 0.136 0.164 0.076 0.040
13 0.134 0.215 0.087 0.048
13 0.149 0.318 0.083 0.045
13 0.117 0.606 0.101 0.037
13 0.105 0.665 0.107 0.037
13 0.039 0.748 0.033 0.113
13 0.135 0.771 0.055 0.130
13 0.188 0.772 0.039 0.131
13 0.235 0.783 0.040 0.136
13 0.299 0.782 0.040 0.136