11 0.426 0.714 0.779 0.496
13 0.801 0.066 0.089 0.089
13 0.052 0.822 0.037 0.079
13 0.121 0.868 0.074 0.030
13 0.122 0.809 0.039 0.058
13 0.152 0.772 0.036 0.089
13 0.221 0.759 0.036 0.089
13 0.347 0.734 0.036 0.089
13 0.426 0.705 0.035 0.080
13 0.253 0.759 0.035 0.080
13 0.499 0.669 0.041 0.089
13 0.188 0.783 0.033 0.059
13 0.314 0.746 0.033 0.059
13 0.379 0.736 0.033 0.059
13 0.400 0.719 0.033 0.059
13 0.254 0.826 0.059 0.035
13 0.327 0.811 0.059 0.035
13 0.562 0.659 0.059 0.035
13 0.637 0.566 0.065 0.040
13 0.764 0.481 0.060 0.030
13 0.596 0.729 0.060 0.030
13 0.464 0.769 0.079 0.031
13 0.449 0.826 0.033 0.054
13 0.534 0.543 0.090 0.044
13 0.546 0.591 0.044 0.030
13 0.572 0.694 0.044 0.030
13 0.798 0.520 0.049 0.025
13 0.690 0.652 0.080 0.040