11 0.536 0.383 0.792 0.190
11 0.423 0.747 0.589 0.321
11 0.797 0.674 0.133 0.054
13 0.154 0.712 0.045 0.184
13 0.221 0.843 0.048 0.131
13 0.324 0.667 0.037 0.116
13 0.333 0.833 0.046 0.139
13 0.384 0.837 0.037 0.144
13 0.434 0.827 0.040 0.116
13 0.416 0.666 0.036 0.110
13 0.457 0.659 0.039 0.121
13 0.505 0.658 0.035 0.111
13 0.596 0.668 0.024 0.051
13 0.492 0.790 0.030 0.040
13 0.630 0.780 0.025 0.052
13 0.630 0.848 0.022 0.069
13 0.689 0.836 0.026 0.043
13 0.791 0.681 0.087 0.030
13 0.683 0.682 0.024 0.056
13 0.163 0.388 0.049 0.140
13 0.338 0.403 0.040 0.101
13 0.388 0.396 0.031 0.095
13 0.434 0.401 0.044 0.095
13 0.486 0.401 0.036 0.094
13 0.639 0.411 0.036 0.115
13 0.697 0.400 0.031 0.100
13 0.745 0.302 0.077 0.025
13 0.811 0.364 0.140 0.041