17 0.509 0.599 0.154 0.458
18 0.028 0.342 0.016 0.009
18 0.043 0.346 0.014 0.010
18 0.051 0.532 0.011 0.015
18 0.194 0.131 0.007 0.015
18 0.194 0.162 0.007 0.016
18 0.497 0.038 0.015 0.009
18 0.536 0.043 0.019 0.010
18 0.307 0.770 0.010 0.015
18 0.606 0.611 0.007 0.015
18 0.596 0.659 0.007 0.016
18 0.897 0.786 0.007 0.016
18 0.882 0.613 0.009 0.013
18 0.878 0.561 0.006 0.016
18 0.881 0.589 0.006 0.016
18 0.820 0.186 0.007 0.015
18 0.823 0.201 0.009 0.015
18 0.826 0.217 0.007 0.014
18 0.831 0.247 0.010 0.016