18 0.315 0.037 0.035 0.044
18 0.346 0.113 0.034 0.043
18 0.421 0.338 0.013 0.028
18 0.455 0.533 0.013 0.031
18 0.424 0.663 0.013 0.029
18 0.429 0.837 0.010 0.031
18 0.112 0.933 0.076 0.029
18 0.569 0.981 0.014 0.035
18 0.569 0.745 0.013 0.025
18 0.632 0.867 0.022 0.011
18 0.772 0.749 0.030 0.016
18 0.965 0.543 0.028 0.026
18 0.893 0.475 0.036 0.030
18 0.807 0.417 0.029 0.026
18 0.686 0.367 0.029 0.020
18 0.740 0.083 0.025 0.029
12 0.484 0.501 0.211 0.999
18 0.859 0.792 0.041 0.021
18 0.963 0.759 0.033 0.021
12 0.732 0.799 0.191 0.146