18 0.536 0.722 0.022 0.021
18 0.524 0.709 0.025 0.021
18 0.429 0.689 0.026 0.026
18 0.423 0.683 0.016 0.014
18 0.410 0.681 0.018 0.016
18 0.451 0.648 0.022 0.019
18 0.479 0.657 0.048 0.039
18 0.489 0.671 0.046 0.040
18 0.516 0.616 0.046 0.037
18 0.537 0.640 0.024 0.020
18 0.590 0.656 0.025 0.020
18 0.601 0.667 0.025 0.022
18 0.672 0.581 0.051 0.043
18 0.664 0.565 0.044 0.040
18 0.649 0.541 0.044 0.039
18 0.635 0.530 0.050 0.043
18 0.586 0.538 0.051 0.044
18 0.337 0.531 0.041 0.036
18 0.334 0.477 0.029 0.024
18 0.314 0.458 0.025 0.022
18 0.332 0.333 0.019 0.016
18 0.436 0.324 0.025 0.021
18 0.451 0.282 0.025 0.025
18 0.009 0.826 0.015 0.016
0 0.524 0.567 0.714 0.666
0 0.456 0.403 0.734 0.681