16 0.058 0.266 0.045 0.098
16 0.152 0.568 0.045 0.098
16 0.094 0.566 0.045 0.098
16 0.092 0.421 0.045 0.098
16 0.152 0.421 0.045 0.098
16 0.116 0.266 0.045 0.098
10 0.539 0.219 0.861 0.323
18 0.204 0.505 0.019 0.007
18 0.203 0.517 0.019 0.009
18 0.202 0.539 0.019 0.010
18 0.201 0.550 0.021 0.010
18 0.202 0.562 0.024 0.010
18 0.200 0.577 0.020 0.009
18 0.205 0.615 0.020 0.010
18 0.202 0.629 0.016 0.010
18 0.201 0.640 0.021 0.010
18 0.212 0.695 0.018 0.010
18 0.231 0.698 0.007 0.020
18 0.147 0.661 0.014 0.024
18 0.114 0.661 0.007 0.019
18 0.081 0.659 0.011 0.021
18 0.138 0.716 0.009 0.018
18 0.162 0.718 0.006 0.019
18 0.172 0.743 0.009 0.021
18 0.138 0.744 0.007 0.016
18 0.116 0.743 0.011 0.021
18 0.094 0.742 0.007 0.016
18 0.061 0.797 0.006 0.019
18 0.117 0.799 0.011 0.020
18 0.138 0.799 0.009 0.016
18 0.171 0.797 0.010 0.022
18 0.037 0.800 0.013 0.022
18 0.058 0.716 0.009 0.016
18 0.069 0.716 0.010 0.018
18 0.574 0.872 0.009 0.019
18 0.576 0.889 0.019 0.018
18 0.436 0.897 0.013 0.009
18 0.437 0.906 0.016 0.007
18 0.436 0.913 0.014 0.006
18 0.683 0.898 0.009 0.021
18 0.694 0.922 0.009 0.020
4 0.749 0.466 0.145 0.150
18 0.751 0.013 0.020 0.011
18 0.799 0.948 0.010 0.020
18 0.094 0.965 0.011 0.022