11 0.500 0.366 0.487 0.179
11 0.514 0.532 0.547 0.180
13 0.254 0.651 0.021 0.007
11 0.519 0.701 0.589 0.194
11 0.517 0.863 0.646 0.160
11 0.139 0.254 0.095 0.505
11 0.310 0.081 0.043 0.160
11 0.404 0.076 0.040 0.149
11 0.501 0.070 0.040 0.138
13 0.284 0.375 0.019 0.043
13 0.296 0.434 0.024 0.041
13 0.474 0.344 0.015 0.044
13 0.545 0.329 0.025 0.045
13 0.699 0.364 0.022 0.051
13 0.688 0.305 0.022 0.043
13 0.641 0.314 0.025 0.046
13 0.594 0.318 0.028 0.036
13 0.286 0.597 0.044 0.044
13 0.391 0.577 0.021 0.046
13 0.428 0.510 0.024 0.045
13 0.524 0.492 0.021 0.044
13 0.620 0.477 0.022 0.043
13 0.774 0.513 0.022 0.054
13 0.327 0.697 0.024 0.046
13 0.287 0.768 0.024 0.049
13 0.341 0.761 0.029 0.044
13 0.390 0.751 0.028 0.048
13 0.534 0.662 0.021 0.052
13 0.599 0.714 0.025 0.048
13 0.804 0.692 0.024 0.059
13 0.222 0.902 0.021 0.046
13 0.351 0.873 0.024 0.041
13 0.401 0.863 0.022 0.051
13 0.555 0.836 0.028 0.049
13 0.709 0.816 0.024 0.048
13 0.774 0.856 0.058 0.021
13 0.734 0.297 0.021 0.044
13 0.691 0.634 0.022 0.045
13 0.714 0.630 0.021 0.048
13 0.701 0.694 0.024 0.046
13 0.726 0.688 0.022 0.049
13 0.296 0.884 0.026 0.055
13 0.324 0.877 0.020 0.050