13 0.520 0.301 0.018 0.044
13 0.406 0.546 0.020 0.040
13 0.581 0.031 0.043 0.016
13 0.691 0.844 0.026 0.009
13 0.634 0.383 0.016 0.040
13 0.519 0.546 0.018 0.040
13 0.472 0.551 0.018 0.045
13 0.399 0.309 0.016 0.044
13 0.404 0.419 0.010 0.021
13 0.426 0.417 0.016 0.034
13 0.450 0.417 0.015 0.035
13 0.494 0.416 0.018 0.045
13 0.518 0.415 0.016 0.035
13 0.542 0.417 0.021 0.044
13 0.544 0.302 0.018 0.039
13 0.636 0.301 0.015 0.039
13 0.565 0.383 0.018 0.041
13 0.679 0.384 0.016 0.033
13 0.704 0.384 0.018 0.036
13 0.703 0.299 0.018 0.033
13 0.681 0.300 0.019 0.037
13 0.660 0.299 0.018 0.035
13 0.649 0.032 0.040 0.014
13 0.718 0.031 0.040 0.016
13 0.540 0.550 0.015 0.037
13 0.797 0.564 0.010 0.024
13 0.865 0.564 0.010 0.021
13 0.819 0.564 0.009 0.022
13 0.831 0.564 0.013 0.022
13 0.843 0.564 0.009 0.024
11 0.431 0.102 0.662 0.166
11 0.358 0.358 0.714 0.189
11 0.642 0.561 0.580 0.110