11 0.711 0.367 0.490 0.295
11 0.676 0.744 0.554 0.309
11 0.212 0.539 0.290 0.689
13 0.110 0.274 0.035 0.125
13 0.151 0.271 0.033 0.115
13 0.194 0.279 0.036 0.120
13 0.234 0.275 0.036 0.120
13 0.281 0.268 0.036 0.120
13 0.326 0.261 0.036 0.120
13 0.120 0.378 0.100 0.035
13 0.121 0.413 0.090 0.029
13 0.126 0.448 0.090 0.029
13 0.128 0.486 0.090 0.029
13 0.246 0.464 0.087 0.031
13 0.244 0.570 0.101 0.037
13 0.242 0.646 0.069 0.031
13 0.134 0.670 0.076 0.033
13 0.141 0.706 0.075 0.034
13 0.468 0.632 0.031 0.092
13 0.600 0.638 0.028 0.069
13 0.475 0.725 0.025 0.062
13 0.487 0.469 0.028 0.074
13 0.559 0.469 0.029 0.077
13 0.631 0.475 0.029 0.077
13 0.485 0.338 0.040 0.154
13 0.526 0.358 0.033 0.101
13 0.569 0.346 0.033 0.101
13 0.610 0.353 0.033 0.101
13 0.653 0.350 0.031 0.117
13 0.693 0.357 0.031 0.101
13 0.729 0.358 0.031 0.101
13 0.772 0.347 0.036 0.122
13 0.819 0.328 0.046 0.170
13 0.912 0.407 0.086 0.037
13 0.917 0.746 0.072 0.028