11 0.857 0.456 0.164 0.271
11 0.177 0.661 0.217 0.296
13 0.354 0.491 0.125 0.055
11 0.583 0.551 0.249 0.265
13 0.587 0.383 0.089 0.033
13 0.934 0.233 0.013 0.030
11 0.940 0.160 0.052 0.315
13 0.119 0.583 0.061 0.028
13 0.216 0.600 0.079 0.035
13 0.120 0.658 0.092 0.034
13 0.224 0.634 0.079 0.028
13 0.141 0.746 0.094 0.036
13 0.492 0.448 0.045 0.025
13 0.504 0.483 0.062 0.034
13 0.596 0.491 0.055 0.022
13 0.520 0.553 0.077 0.036
13 0.613 0.530 0.066 0.035
13 0.532 0.593 0.081 0.030
13 0.836 0.370 0.116 0.050
13 0.859 0.482 0.085 0.039
13 0.875 0.517 0.077 0.036
13 0.231 0.674 0.068 0.035
13 0.129 0.697 0.090 0.031
13 0.161 0.782 0.150 0.052
13 0.865 0.408 0.045 0.026