11 0.546 0.144 0.541 0.176
11 0.530 0.313 0.383 0.059
11 0.595 0.477 0.432 0.166
11 0.651 0.688 0.274 0.051
18 0.858 0.415 0.039 0.018
18 0.970 0.542 0.043 0.019
13 0.292 0.122 0.024 0.076
13 0.380 0.206 0.133 0.043
13 0.459 0.199 0.015 0.028
13 0.385 0.111 0.033 0.104
13 0.436 0.136 0.021 0.044
13 0.482 0.097 0.035 0.039
13 0.592 0.326 0.099 0.029
13 0.451 0.432 0.055 0.019
13 0.393 0.476 0.015 0.036
13 0.456 0.496 0.033 0.069
13 0.418 0.500 0.024 0.072
13 0.546 0.427 0.050 0.021
13 0.600 0.409 0.048 0.016
13 0.597 0.477 0.024 0.050
13 0.633 0.483 0.024 0.056
13 0.753 0.487 0.024 0.055
13 0.558 0.698 0.049 0.021
13 0.732 0.414 0.069 0.025
13 0.504 0.511 0.037 0.100