15 0.054 0.389 0.098 0.098
15 0.431 0.334 0.098 0.096
15 0.328 0.431 0.076 0.079
15 0.252 0.699 0.061 0.061
15 0.196 0.741 0.061 0.061
15 0.137 0.781 0.061 0.061
15 0.372 0.859 0.077 0.077
15 0.463 0.795 0.077 0.077
15 0.109 0.541 0.040 0.041
15 0.144 0.516 0.039 0.039
15 0.181 0.491 0.041 0.039
15 0.338 0.536 0.039 0.043
15 0.375 0.511 0.040 0.040
15 0.412 0.486 0.041 0.041
15 0.449 0.460 0.039 0.037
15 0.487 0.432 0.039 0.040
15 0.537 0.503 0.040 0.041
15 0.499 0.529 0.041 0.039
15 0.463 0.556 0.040 0.039
15 0.425 0.582 0.040 0.041
15 0.389 0.608 0.039 0.041
15 0.128 0.319 0.025 0.028
15 0.164 0.370 0.028 0.028
15 0.214 0.374 0.029 0.026
15 0.244 0.361 0.026 0.028
15 0.277 0.328 0.039 0.039
15 0.294 0.260 0.041 0.040
15 0.380 0.211 0.040 0.039
15 0.472 0.184 0.036 0.037
15 0.182 0.274 0.028 0.028
15 0.221 0.249 0.037 0.037
15 0.249 0.288 0.037 0.036
6 0.877 0.561 0.245 0.029
18 0.169 0.834 0.019 0.015