11 0.519 0.406 0.489 0.164
11 0.524 0.805 0.504 0.188
18 0.253 0.057 0.013 0.034
13 0.358 0.856 0.024 0.077
13 0.389 0.764 0.021 0.059
13 0.450 0.754 0.028 0.084
13 0.526 0.762 0.021 0.066
13 0.598 0.759 0.024 0.062
13 0.713 0.756 0.024 0.079
13 0.756 0.800 0.035 0.113
13 0.456 0.461 0.015 0.037
13 0.476 0.433 0.014 0.031
13 0.593 0.459 0.029 0.079
13 0.621 0.448 0.016 0.048
13 0.667 0.450 0.015 0.048
13 0.714 0.458 0.019 0.034
13 0.749 0.374 0.030 0.084
13 0.549 0.363 0.018 0.041
13 0.715 0.361 0.018 0.040
13 0.536 0.188 0.219 0.087