11 0.391 0.698 0.189 0.320
11 0.643 0.696 0.181 0.324
11 0.889 0.689 0.185 0.326
13 0.619 0.514 0.133 0.030
11 0.865 0.242 0.185 0.338
11 0.366 0.255 0.189 0.338
11 0.614 0.232 0.174 0.301
18 0.451 0.953 0.010 0.025
18 0.477 0.882 0.013 0.036
18 0.445 0.881 0.013 0.028
18 0.403 0.953 0.009 0.016
18 0.419 0.956 0.007 0.018
18 0.424 0.038 0.013 0.024
18 0.534 0.042 0.009 0.016
18 0.585 0.041 0.010 0.018
18 0.779 0.033 0.011 0.026
18 0.810 0.033 0.013 0.025
18 0.828 0.873 0.011 0.026
18 0.338 0.953 0.013 0.029
18 0.349 0.880 0.011 0.020
18 0.173 0.760 0.009 0.025
13 0.439 0.562 0.072 0.024
13 0.444 0.591 0.079 0.025
13 0.520 0.639 0.020 0.064
13 0.446 0.629 0.079 0.022
13 0.338 0.594 0.084 0.020
13 0.338 0.630 0.080 0.022
13 0.348 0.660 0.061 0.020
13 0.441 0.721 0.061 0.018
13 0.344 0.694 0.069 0.021
13 0.340 0.724 0.085 0.022
13 0.346 0.757 0.060 0.014
13 0.345 0.788 0.080 0.024
13 0.444 0.819 0.056 0.018
13 0.589 0.556 0.061 0.020
13 0.683 0.556 0.074 0.021
13 0.692 0.621 0.079 0.024
13 0.590 0.622 0.075 0.021
13 0.592 0.651 0.066 0.019
13 0.689 0.654 0.060 0.020
13 0.604 0.685 0.043 0.013
13 0.595 0.717 0.070 0.024
13 0.691 0.716 0.076 0.024
13 0.693 0.748 0.070 0.020
13 0.597 0.752 0.059 0.021
13 0.598 0.784 0.054 0.014
13 0.599 0.814 0.064 0.014
13 0.694 0.814 0.061 0.020
13 0.694 0.781 0.065 0.020
13 0.840 0.552 0.060 0.016
13 0.930 0.549 0.065 0.021
13 0.931 0.583 0.054 0.016
13 0.834 0.581 0.062 0.021
13 0.929 0.615 0.055 0.018
13 0.837 0.613 0.064 0.019
13 0.839 0.650 0.052 0.015
13 0.938 0.679 0.074 0.024
13 0.838 0.681 0.064 0.019
13 0.839 0.710 0.065 0.022
13 0.838 0.745 0.076 0.022
13 0.941 0.774 0.081 0.021
13 0.939 0.808 0.059 0.014
13 0.842 0.777 0.071 0.020
13 0.845 0.809 0.055 0.020
13 0.384 0.406 0.150 0.031
13 0.319 0.362 0.061 0.018
13 0.422 0.329 0.076 0.024
13 0.323 0.333 0.062 0.025
13 0.327 0.297 0.054 0.014
13 0.406 0.296 0.037 0.014
13 0.409 0.263 0.054 0.015
13 0.412 0.229 0.060 0.020
13 0.317 0.234 0.064 0.016
13 0.312 0.201 0.083 0.020
13 0.318 0.137 0.065 0.021
13 0.317 0.106 0.056 0.014
13 0.412 0.099 0.071 0.028
13 0.412 0.133 0.060 0.020
13 0.868 0.393 0.139 0.031
13 0.914 0.347 0.069 0.026
13 0.909 0.314 0.056 0.018
13 0.809 0.318 0.072 0.021
13 0.916 0.282 0.079 0.024
13 0.910 0.251 0.072 0.016
13 0.816 0.285 0.066 0.022
13 0.812 0.256 0.068 0.024
13 0.906 0.216 0.068 0.022
13 0.907 0.185 0.066 0.022
13 0.911 0.153 0.072 0.019
13 0.903 0.120 0.056 0.018
13 0.812 0.092 0.054 0.014
13 0.807 0.122 0.060 0.016
13 0.811 0.190 0.068 0.022
13 0.567 0.100 0.051 0.015
13 0.658 0.098 0.066 0.015
13 0.658 0.127 0.069 0.024
13 0.659 0.162 0.058 0.014
13 0.656 0.194 0.059 0.015
13 0.663 0.224 0.074 0.022
13 0.664 0.259 0.071 0.019
13 0.661 0.290 0.059 0.020
13 0.662 0.323 0.054 0.015
13 0.666 0.354 0.060 0.019
13 0.568 0.127 0.055 0.016
13 0.567 0.160 0.054 0.015
13 0.564 0.193 0.059 0.015
13 0.566 0.228 0.062 0.019
13 0.571 0.259 0.046 0.018
13 0.571 0.291 0.059 0.020
13 0.565 0.353 0.077 0.021
13 0.567 0.325 0.066 0.018