11 0.369 0.521 0.212 0.848
11 0.717 0.526 0.209 0.853
13 0.309 0.128 0.066 0.034
13 0.305 0.182 0.062 0.025
13 0.308 0.268 0.051 0.020
13 0.314 0.295 0.051 0.020
13 0.312 0.331 0.059 0.026
13 0.319 0.364 0.044 0.022
13 0.299 0.423 0.070 0.026
13 0.441 0.246 0.060 0.022
13 0.443 0.310 0.060 0.022
13 0.444 0.336 0.060 0.022
13 0.444 0.369 0.055 0.019
13 0.442 0.454 0.059 0.028
13 0.434 0.487 0.056 0.019
13 0.443 0.602 0.056 0.019
13 0.441 0.688 0.062 0.024
13 0.310 0.722 0.055 0.024
13 0.439 0.748 0.059 0.021
13 0.442 0.782 0.059 0.021
13 0.442 0.866 0.051 0.025
13 0.436 0.900 0.050 0.022
13 0.642 0.859 0.069 0.024
13 0.651 0.804 0.055 0.021
13 0.648 0.742 0.064 0.026
13 0.652 0.716 0.048 0.018
13 0.651 0.655 0.055 0.018
13 0.653 0.595 0.046 0.018
13 0.657 0.566 0.046 0.018
13 0.651 0.540 0.056 0.018
13 0.654 0.482 0.052 0.022
13 0.782 0.479 0.049 0.021
13 0.779 0.596 0.056 0.028
13 0.778 0.744 0.064 0.022
13 0.781 0.802 0.050 0.026
13 0.779 0.833 0.041 0.019
13 0.776 0.860 0.049 0.020
13 0.651 0.421 0.062 0.024
13 0.647 0.264 0.070 0.022
13 0.650 0.242 0.058 0.024
13 0.654 0.207 0.058 0.024
13 0.788 0.184 0.064 0.025
6 0.072 0.932 0.140 0.136