11 0.530 0.456 0.147 0.351
11 0.755 0.441 0.102 0.129
11 0.934 0.556 0.075 0.149
13 0.154 0.486 0.034 0.040
13 0.091 0.534 0.031 0.049
13 0.053 0.563 0.029 0.036
18 0.115 0.172 0.028 0.040
18 0.091 0.189 0.022 0.034
18 0.876 0.072 0.026 0.045
18 0.845 0.071 0.025 0.039
13 0.724 0.475 0.033 0.050
13 0.906 0.607 0.026 0.041
13 0.479 0.346 0.039 0.020
13 0.110 0.507 0.028 0.030
13 0.525 0.320 0.033 0.020
13 0.531 0.338 0.034 0.016
13 0.536 0.356 0.045 0.018
13 0.539 0.372 0.041 0.014
13 0.489 0.398 0.034 0.016
13 0.490 0.418 0.040 0.016
13 0.544 0.407 0.039 0.018
13 0.550 0.443 0.037 0.020
13 0.502 0.468 0.043 0.026
13 0.561 0.459 0.048 0.029
13 0.509 0.504 0.037 0.016
13 0.564 0.502 0.040 0.021
13 0.575 0.519 0.052 0.030
13 0.573 0.540 0.044 0.025
13 0.576 0.558 0.044 0.024
13 0.574 0.574 0.035 0.019
13 0.581 0.593 0.043 0.024
13 0.522 0.616 0.058 0.039
13 0.522 0.591 0.043 0.024
13 0.514 0.573 0.051 0.026
13 0.516 0.552 0.040 0.020
13 0.514 0.538 0.036 0.019
13 0.511 0.523 0.036 0.016
13 0.486 0.381 0.034 0.011
13 0.498 0.446 0.041 0.018
13 0.496 0.432 0.037 0.016
13 0.549 0.426 0.045 0.021