11 0.792 0.474 0.241 0.450
11 0.479 0.478 0.196 0.466
11 0.216 0.460 0.182 0.453
18 0.142 0.149 0.014 0.024
18 0.780 0.157 0.010 0.026
18 0.461 0.155 0.011 0.025
18 0.504 0.156 0.011 0.026
18 0.541 0.158 0.011 0.020
18 0.573 0.152 0.009 0.024
18 0.592 0.154 0.011 0.029
18 0.641 0.199 0.010 0.026
13 0.172 0.255 0.051 0.018
13 0.269 0.266 0.062 0.016
13 0.259 0.304 0.069 0.022
13 0.172 0.287 0.052 0.011
13 0.162 0.317 0.061 0.019
13 0.169 0.349 0.061 0.019
13 0.270 0.374 0.068 0.022
13 0.171 0.408 0.055 0.019
13 0.268 0.408 0.079 0.024
13 0.164 0.439 0.060 0.020
13 0.273 0.445 0.065 0.020
13 0.269 0.479 0.076 0.022
13 0.171 0.473 0.045 0.016
13 0.273 0.517 0.065 0.020
13 0.174 0.498 0.056 0.019
13 0.269 0.552 0.062 0.016
13 0.168 0.532 0.056 0.020
13 0.160 0.561 0.068 0.022
13 0.166 0.594 0.050 0.016
13 0.172 0.624 0.054 0.018
13 0.268 0.585 0.062 0.018
13 0.271 0.619 0.070 0.022
13 0.423 0.634 0.069 0.021
13 0.535 0.633 0.083 0.034
13 0.423 0.601 0.066 0.025
13 0.536 0.600 0.084 0.025
13 0.532 0.561 0.080 0.024
13 0.421 0.569 0.072 0.024
13 0.421 0.532 0.064 0.020
13 0.420 0.501 0.070 0.022
13 0.419 0.466 0.069 0.022
13 0.420 0.431 0.068 0.018
13 0.421 0.399 0.066 0.020
13 0.417 0.366 0.068 0.024
13 0.420 0.292 0.077 0.028
13 0.420 0.261 0.075 0.022
13 0.535 0.271 0.058 0.022
13 0.535 0.310 0.085 0.030
13 0.531 0.345 0.066 0.022
13 0.537 0.413 0.083 0.029
13 0.539 0.490 0.077 0.020
13 0.536 0.523 0.071 0.019
13 0.841 0.260 0.054 0.018
13 0.721 0.273 0.098 0.029
13 0.850 0.305 0.092 0.030
13 0.720 0.314 0.098 0.031
13 0.726 0.352 0.083 0.024
13 0.852 0.345 0.091 0.030
13 0.729 0.391 0.071 0.025
13 0.861 0.387 0.113 0.036
13 0.719 0.431 0.101 0.031
13 0.854 0.430 0.084 0.028
13 0.854 0.469 0.090 0.030
13 0.728 0.472 0.086 0.029
13 0.726 0.510 0.087 0.030
13 0.851 0.512 0.087 0.022
13 0.842 0.551 0.099 0.030
13 0.724 0.550 0.086 0.033
13 0.723 0.588 0.094 0.030
13 0.848 0.594 0.101 0.035
13 0.720 0.630 0.095 0.030
13 0.728 0.676 0.099 0.034
13 0.861 0.630 0.107 0.035
13 0.853 0.678 0.101 0.036
13 0.174 0.665 0.013 0.040
13 0.189 0.665 0.014 0.040
13 0.206 0.666 0.016 0.039
13 0.233 0.666 0.014 0.040
13 0.251 0.666 0.016 0.040
13 0.442 0.684 0.079 0.048
13 0.491 0.689 0.020 0.055
13 0.511 0.688 0.018 0.046
13 0.532 0.685 0.018 0.045
13 0.549 0.687 0.018 0.046