11 0.313 0.616 0.191 0.636
11 0.618 0.607 0.200 0.541
11 0.965 0.809 0.070 0.194
11 0.508 0.912 0.029 0.056
11 0.496 0.359 0.956 0.370
11 0.093 0.546 0.134 0.735
13 0.335 0.211 0.107 0.029
11 0.843 0.783 0.092 0.184
13 0.821 0.731 0.048 0.015
13 0.823 0.757 0.048 0.015
13 0.823 0.782 0.055 0.022
13 0.824 0.837 0.050 0.024
13 0.878 0.782 0.021 0.054
13 0.879 0.718 0.020 0.051
13 0.878 0.844 0.021 0.065
13 0.939 0.751 0.020 0.052
13 0.939 0.822 0.016 0.044
13 0.942 0.864 0.014 0.029
13 0.960 0.881 0.022 0.009
13 0.975 0.895 0.013 0.030
13 0.979 0.828 0.037 0.015
13 0.980 0.808 0.040 0.011
13 0.980 0.794 0.037 0.015
13 0.974 0.737 0.025 0.049
13 0.594 0.871 0.034 0.011
13 0.500 0.901 0.015 0.034
13 0.578 0.813 0.084 0.026
13 0.680 0.812 0.072 0.024
13 0.673 0.841 0.064 0.025
13 0.581 0.786 0.076 0.021
13 0.673 0.784 0.064 0.024
13 0.583 0.758 0.075 0.026
13 0.669 0.754 0.056 0.021
13 0.586 0.731 0.072 0.026
13 0.675 0.729 0.068 0.022
13 0.669 0.699 0.066 0.021
13 0.583 0.702 0.071 0.026
13 0.585 0.675 0.083 0.028
13 0.671 0.672 0.059 0.022
13 0.584 0.649 0.071 0.026
13 0.669 0.650 0.060 0.022
13 0.671 0.621 0.066 0.026
13 0.581 0.621 0.069 0.025
13 0.674 0.595 0.074 0.028
13 0.679 0.564 0.077 0.024
13 0.586 0.593 0.077 0.024
13 0.574 0.536 0.092 0.028
13 0.651 0.514 0.025 0.069
13 0.571 0.506 0.109 0.028
13 0.579 0.476 0.086 0.024
13 0.581 0.448 0.083 0.030
13 0.578 0.416 0.089 0.028
13 0.582 0.387 0.091 0.026
13 0.654 0.378 0.029 0.076
13 0.650 0.449 0.025 0.056
13 0.917 0.342 0.040 0.014
13 0.893 0.396 0.091 0.028
13 0.895 0.429 0.072 0.025
13 0.915 0.477 0.058 0.018
13 0.892 0.509 0.099 0.031
13 0.909 0.534 0.046 0.015
13 0.427 0.228 0.018 0.046
13 0.456 0.215 0.018 0.040
13 0.483 0.224 0.026 0.065
13 0.514 0.227 0.022 0.059
13 0.541 0.228 0.026 0.059
13 0.679 0.226 0.025 0.060
13 0.706 0.228 0.021 0.061
13 0.734 0.227 0.022 0.059
13 0.769 0.226 0.021 0.054
13 0.796 0.230 0.024 0.058
13 0.853 0.228 0.024 0.055
13 0.884 0.220 0.018 0.043
13 0.904 0.226 0.018 0.041
13 0.934 0.243 0.028 0.086
13 0.305 0.321 0.087 0.028
13 0.235 0.354 0.028 0.092
13 0.299 0.391 0.085 0.028
13 0.303 0.423 0.099 0.026
13 0.309 0.456 0.107 0.030
13 0.231 0.454 0.025 0.095
13 0.232 0.543 0.024 0.071
13 0.302 0.488 0.094 0.029
13 0.311 0.523 0.102 0.029
13 0.308 0.558 0.094 0.029
13 0.378 0.562 0.039 0.015
13 0.263 0.593 0.071 0.028
13 0.364 0.594 0.084 0.025
13 0.354 0.618 0.045 0.018
13 0.353 0.646 0.069 0.024
13 0.263 0.673 0.070 0.024
13 0.366 0.673 0.094 0.024
13 0.267 0.701 0.074 0.022
13 0.359 0.700 0.080 0.025
13 0.354 0.727 0.079 0.026
13 0.357 0.757 0.070 0.026
13 0.362 0.782 0.081 0.024
13 0.269 0.726 0.071 0.025
13 0.259 0.758 0.074 0.026
13 0.362 0.811 0.080 0.025
13 0.264 0.811 0.061 0.024
13 0.352 0.838 0.074 0.024
13 0.355 0.873 0.075 0.037
13 0.341 0.911 0.058 0.022
13 0.261 0.838 0.064 0.024
13 0.264 0.866 0.064 0.022
13 0.255 0.893 0.075 0.024
13 0.263 0.922 0.058 0.026
13 0.108 0.210 0.119 0.035
13 0.078 0.253 0.066 0.021
13 0.079 0.279 0.069 0.021
13 0.081 0.309 0.066 0.030
13 0.077 0.333 0.050 0.016
13 0.079 0.388 0.075 0.026
13 0.076 0.417 0.066 0.024
13 0.076 0.444 0.062 0.025
13 0.080 0.472 0.070 0.024
13 0.084 0.496 0.079 0.025
13 0.072 0.525 0.059 0.022
13 0.078 0.551 0.069 0.024
13 0.074 0.579 0.061 0.026
13 0.081 0.606 0.077 0.029
13 0.077 0.634 0.079 0.025
13 0.072 0.660 0.070 0.022
13 0.085 0.689 0.080 0.026
13 0.071 0.714 0.072 0.022
13 0.070 0.744 0.070 0.026
13 0.069 0.769 0.061 0.019
13 0.069 0.797 0.064 0.025
13 0.075 0.824 0.068 0.024
13 0.066 0.854 0.059 0.025
13 0.068 0.880 0.069 0.028
13 0.066 0.907 0.066 0.021