11 0.289 0.086 0.226 0.117
11 0.297 0.201 0.273 0.069
11 0.307 0.334 0.289 0.131
11 0.228 0.628 0.273 0.209
11 0.191 0.860 0.186 0.280
13 0.303 0.058 0.026 0.054
13 0.227 0.181 0.039 0.014
13 0.231 0.194 0.046 0.014
13 0.276 0.196 0.031 0.015
13 0.336 0.189 0.046 0.016
13 0.396 0.187 0.046 0.016
13 0.237 0.224 0.039 0.013
13 0.284 0.220 0.039 0.013
13 0.339 0.222 0.049 0.019
13 0.399 0.219 0.052 0.019
13 0.193 0.345 0.026 0.070
13 0.226 0.343 0.026 0.071
13 0.266 0.346 0.026 0.071
13 0.299 0.344 0.026 0.071
13 0.342 0.346 0.029 0.086
13 0.377 0.346 0.029 0.086
13 0.420 0.342 0.033 0.094
13 0.468 0.347 0.049 0.151
13 0.157 0.586 0.019 0.066
13 0.189 0.581 0.033 0.111
13 0.232 0.597 0.029 0.079
13 0.269 0.583 0.036 0.115
13 0.319 0.593 0.051 0.089
13 0.324 0.682 0.020 0.052
13 0.242 0.831 0.041 0.062
13 0.214 0.941 0.033 0.104
13 0.178 0.914 0.019 0.051