11 0.413 0.234 0.706 0.169
11 0.427 0.492 0.741 0.180
11 0.446 0.769 0.794 0.195
13 0.557 0.186 0.024 0.044
13 0.588 0.182 0.020 0.059
13 0.618 0.188 0.026 0.058
13 0.644 0.185 0.026 0.058
13 0.674 0.185 0.026 0.058
13 0.702 0.189 0.026 0.058
13 0.732 0.191 0.026 0.058
13 0.761 0.186 0.019 0.041
13 0.727 0.282 0.026 0.058
13 0.758 0.251 0.019 0.041
13 0.698 0.282 0.016 0.044
13 0.672 0.274 0.016 0.044
13 0.636 0.283 0.016 0.044
13 0.609 0.279 0.026 0.065
13 0.581 0.274 0.016 0.050
13 0.552 0.268 0.016 0.050
13 0.469 0.434 0.022 0.061
13 0.492 0.434 0.016 0.049
13 0.530 0.444 0.015 0.040
13 0.588 0.448 0.015 0.040
13 0.647 0.451 0.019 0.049
13 0.618 0.451 0.020 0.061
13 0.677 0.454 0.019 0.049
13 0.704 0.452 0.019 0.049
13 0.734 0.453 0.019 0.049
13 0.764 0.458 0.019 0.049
13 0.786 0.463 0.022 0.061
13 0.458 0.531 0.034 0.059
13 0.496 0.536 0.019 0.052
13 0.522 0.540 0.019 0.052
13 0.552 0.536 0.019 0.052
13 0.583 0.536 0.019 0.052
13 0.605 0.547 0.015 0.045
13 0.671 0.543 0.022 0.071
13 0.699 0.552 0.021 0.060
13 0.723 0.552 0.020 0.046
13 0.757 0.554 0.020 0.051
13 0.789 0.550 0.021 0.060
13 0.504 0.709 0.031 0.068
13 0.532 0.716 0.019 0.028
13 0.563 0.711 0.024 0.058
13 0.594 0.706 0.026 0.054
13 0.620 0.713 0.022 0.062
13 0.682 0.716 0.021 0.044
13 0.710 0.726 0.025 0.060
13 0.740 0.721 0.025 0.060
13 0.766 0.725 0.025 0.060
13 0.795 0.729 0.025 0.060
13 0.829 0.728 0.025 0.060
13 0.789 0.816 0.025 0.060
13 0.754 0.814 0.025 0.060
13 0.724 0.815 0.025 0.060
13 0.690 0.818 0.028 0.076
13 0.659 0.816 0.026 0.066
13 0.629 0.816 0.029 0.075
13 0.596 0.811 0.033 0.086
13 0.565 0.807 0.033 0.074
13 0.532 0.804 0.033 0.074
13 0.499 0.804 0.033 0.074
13 0.470 0.796 0.025 0.066