11 0.235 0.489 0.253 0.290
11 0.413 0.432 0.139 0.179
11 0.572 0.464 0.156 0.256
11 0.711 0.479 0.140 0.286
11 0.887 0.504 0.174 0.343
11 0.670 0.313 0.625 0.059
13 0.702 0.162 0.116 0.046
11 0.495 0.200 0.128 0.140
13 0.645 0.066 0.185 0.052
13 0.528 0.156 0.064 0.055
13 0.515 0.183 0.062 0.051
13 0.494 0.201 0.056 0.048
13 0.480 0.220 0.070 0.050
13 0.465 0.246 0.072 0.050
13 0.756 0.310 0.020 0.040
13 0.226 0.555 0.043 0.045
13 0.231 0.518 0.046 0.041
13 0.261 0.478 0.046 0.041
13 0.271 0.456 0.046 0.041
13 0.242 0.491 0.034 0.044
13 0.284 0.434 0.028 0.043
13 0.299 0.421 0.025 0.039
13 0.307 0.399 0.028 0.031
13 0.405 0.351 0.040 0.018
13 0.399 0.370 0.040 0.018
13 0.396 0.389 0.040 0.018
13 0.394 0.405 0.040 0.018
13 0.390 0.436 0.040 0.018
13 0.380 0.451 0.040 0.018
13 0.376 0.472 0.040 0.018
13 0.369 0.495 0.040 0.018
13 0.459 0.359 0.045 0.028
13 0.453 0.379 0.045 0.028
13 0.449 0.404 0.037 0.020
13 0.443 0.421 0.037 0.020
13 0.439 0.458 0.037 0.020
13 0.434 0.477 0.037 0.024
13 0.429 0.498 0.040 0.024
13 0.536 0.352 0.040 0.024
13 0.531 0.372 0.046 0.020
13 0.531 0.394 0.046 0.020
13 0.527 0.417 0.046 0.020
13 0.523 0.436 0.046 0.020
13 0.521 0.463 0.046 0.020
13 0.521 0.480 0.046 0.020
13 0.518 0.505 0.046 0.020
13 0.516 0.524 0.043 0.021
13 0.516 0.546 0.043 0.021
13 0.600 0.353 0.052 0.029
13 0.593 0.378 0.040 0.024
13 0.585 0.397 0.040 0.024
13 0.580 0.422 0.040 0.024
13 0.579 0.443 0.040 0.024
13 0.579 0.468 0.043 0.028
13 0.576 0.489 0.043 0.028
13 0.571 0.510 0.043 0.028
13 0.564 0.532 0.043 0.028
13 0.564 0.551 0.043 0.028
13 0.544 0.577 0.070 0.031
13 0.701 0.350 0.040 0.015
13 0.693 0.371 0.055 0.019
13 0.693 0.394 0.055 0.019
13 0.686 0.417 0.052 0.019
13 0.680 0.458 0.055 0.019
13 0.689 0.438 0.029 0.018
13 0.676 0.526 0.050 0.019
13 0.675 0.547 0.050 0.019
13 0.669 0.589 0.050 0.019
13 0.710 0.613 0.070 0.020
13 0.676 0.566 0.035 0.018
13 0.755 0.344 0.050 0.019
13 0.754 0.368 0.050 0.019
13 0.751 0.388 0.050 0.019
13 0.755 0.413 0.050 0.019
13 0.748 0.431 0.050 0.019
13 0.744 0.453 0.051 0.022
13 0.743 0.475 0.051 0.022
13 0.742 0.496 0.051 0.022
13 0.737 0.517 0.051 0.022
13 0.734 0.540 0.051 0.022
13 0.733 0.560 0.051 0.022
13 0.732 0.591 0.051 0.022
13 0.861 0.344 0.045 0.019
13 0.862 0.370 0.051 0.022
13 0.857 0.414 0.051 0.022
13 0.854 0.434 0.051 0.022
13 0.854 0.460 0.051 0.022
13 0.851 0.482 0.051 0.022
13 0.848 0.524 0.051 0.022
13 0.847 0.544 0.051 0.022
13 0.842 0.566 0.051 0.022
13 0.836 0.586 0.051 0.022
13 0.834 0.609 0.051 0.022
13 0.829 0.632 0.046 0.019
13 0.830 0.664 0.062 0.019
13 0.895 0.637 0.040 0.019
13 0.891 0.616 0.041 0.014
13 0.905 0.591 0.052 0.020
13 0.909 0.570 0.051 0.022
13 0.913 0.546 0.051 0.022
13 0.914 0.517 0.051 0.022
13 0.916 0.491 0.051 0.022
13 0.916 0.469 0.061 0.028
13 0.925 0.443 0.048 0.022
13 0.927 0.416 0.058 0.021
13 0.934 0.393 0.056 0.021
13 0.931 0.367 0.061 0.022
13 0.936 0.344 0.062 0.018
13 0.377 0.311 0.034 0.034
13 0.399 0.315 0.031 0.033
13 0.421 0.318 0.020 0.028
13 0.447 0.315 0.021 0.028
13 0.469 0.319 0.019 0.025
13 0.493 0.312 0.026 0.036
13 0.514 0.314 0.021 0.036
13 0.535 0.313 0.020 0.034
13 0.556 0.311 0.018 0.034
13 0.577 0.310 0.019 0.037
13 0.597 0.314 0.016 0.034
13 0.616 0.312 0.020 0.040
13 0.637 0.306 0.014 0.039
13 0.659 0.308 0.018 0.036
13 0.677 0.309 0.019 0.040
13 0.696 0.311 0.020 0.039
13 0.716 0.310 0.018 0.037
13 0.796 0.308 0.014 0.031
13 0.816 0.306 0.014 0.033
13 0.838 0.307 0.016 0.037
13 0.858 0.304 0.016 0.033
13 0.876 0.305 0.018 0.037
13 0.897 0.307 0.016 0.036
13 0.917 0.303 0.016 0.036
13 0.935 0.307 0.018 0.034
13 0.956 0.304 0.016 0.039
13 0.974 0.306 0.016 0.033