11 0.846 0.764 0.305 0.471
11 0.552 0.572 0.365 0.581
11 0.142 0.492 0.251 0.657
13 0.219 0.189 0.099 0.045
13 0.147 0.207 0.034 0.018
13 0.077 0.341 0.110 0.035
13 0.209 0.338 0.110 0.037
13 0.077 0.384 0.109 0.026
13 0.203 0.379 0.096 0.030
13 0.079 0.426 0.096 0.030
13 0.210 0.423 0.085 0.026
13 0.211 0.468 0.095 0.029
13 0.085 0.472 0.105 0.028
13 0.098 0.514 0.079 0.034
13 0.204 0.512 0.084 0.025
13 0.086 0.556 0.091 0.030
13 0.207 0.556 0.080 0.026
13 0.207 0.596 0.084 0.024
13 0.098 0.634 0.084 0.026
13 0.209 0.636 0.079 0.024
13 0.110 0.675 0.075 0.028
13 0.203 0.673 0.062 0.026
13 0.105 0.715 0.072 0.022
13 0.108 0.749 0.074 0.024
13 0.117 0.781 0.049 0.030
13 0.212 0.783 0.076 0.034
13 0.556 0.346 0.099 0.052
13 0.674 0.321 0.109 0.080
13 0.678 0.390 0.089 0.048
13 0.635 0.464 0.085 0.046
13 0.624 0.511 0.099 0.051
13 0.502 0.520 0.094 0.050
13 0.478 0.553 0.084 0.036
13 0.593 0.596 0.076 0.036
13 0.580 0.634 0.085 0.037
13 0.453 0.627 0.077 0.035
13 0.560 0.665 0.077 0.040
13 0.446 0.674 0.083 0.043
13 0.554 0.708 0.075 0.037
13 0.433 0.705 0.061 0.030
13 0.530 0.742 0.072 0.036
13 0.423 0.743 0.059 0.028
13 0.521 0.776 0.062 0.030
13 0.412 0.776 0.066 0.028
13 0.508 0.812 0.071 0.034
13 0.400 0.807 0.062 0.025
13 0.497 0.844 0.066 0.035
13 0.944 0.568 0.106 0.072
13 0.913 0.609 0.101 0.072
13 0.870 0.696 0.107 0.070
13 0.849 0.746 0.098 0.061
13 0.821 0.786 0.095 0.059
13 0.779 0.871 0.092 0.055
13 0.734 0.915 0.065 0.040