11 0.506 0.128 0.661 0.074
11 0.568 0.294 0.550 0.149
11 0.729 0.594 0.541 0.285
13 0.481 0.556 0.049 0.141
13 0.631 0.516 0.028 0.094
13 0.761 0.504 0.035 0.099
13 0.711 0.657 0.041 0.130
13 0.769 0.657 0.035 0.129
13 0.815 0.661 0.040 0.149
13 0.874 0.644 0.036 0.119
13 0.974 0.649 0.028 0.091
13 0.841 0.507 0.031 0.100
13 0.501 0.322 0.031 0.086
13 0.342 0.338 0.024 0.045
13 0.341 0.239 0.085 0.024
13 0.433 0.242 0.046 0.019
13 0.542 0.239 0.052 0.018
13 0.580 0.331 0.022 0.041
13 0.538 0.313 0.024 0.056
13 0.614 0.333 0.025 0.060
13 0.660 0.328 0.020 0.043
13 0.693 0.331 0.028 0.060
13 0.738 0.329 0.024 0.051
13 0.774 0.329 0.022 0.059
13 0.203 0.112 0.059 0.021
13 0.284 0.113 0.061 0.021
13 0.366 0.110 0.062 0.022
13 0.386 0.154 0.058 0.024
13 0.459 0.153 0.056 0.024
13 0.458 0.110 0.059 0.022