11 0.504 0.294 0.757 0.085
11 0.351 0.827 0.700 0.086
18 0.408 0.628 0.011 0.024
18 0.690 0.699 0.035 0.028
18 0.169 0.733 0.030 0.011
18 0.221 0.733 0.028 0.013
18 0.278 0.734 0.044 0.014
11 0.502 0.429 0.731 0.119
13 0.987 0.421 0.024 0.052
13 0.046 0.813 0.016 0.039
13 0.066 0.823 0.021 0.059
13 0.091 0.823 0.021 0.059
13 0.117 0.821 0.020 0.051
13 0.147 0.830 0.018 0.045
13 0.233 0.834 0.020 0.064
13 0.262 0.832 0.021 0.059
13 0.292 0.831 0.024 0.059
13 0.353 0.832 0.024 0.069
13 0.386 0.811 0.025 0.034
13 0.383 0.838 0.025 0.036
13 0.436 0.851 0.015 0.035
13 0.474 0.829 0.024 0.069
13 0.568 0.839 0.022 0.069
13 0.594 0.828 0.018 0.058
13 0.648 0.832 0.019 0.056
13 0.178 0.429 0.019 0.054
13 0.203 0.412 0.000 0.001
13 0.211 0.434 0.021 0.046
13 0.236 0.427 0.021 0.056
13 0.292 0.432 0.019 0.052
13 0.323 0.430 0.021 0.052
13 0.381 0.427 0.024 0.060
13 0.407 0.426 0.016 0.055
13 0.471 0.415 0.026 0.083
13 0.505 0.426 0.022 0.070
13 0.537 0.424 0.024 0.085
13 0.573 0.431 0.026 0.069
13 0.606 0.427 0.019 0.070
13 0.642 0.429 0.022 0.071
13 0.149 0.307 0.019 0.054
13 0.180 0.303 0.018 0.044
13 0.210 0.306 0.020 0.043
13 0.239 0.309 0.016 0.045
13 0.269 0.303 0.019 0.046
13 0.302 0.305 0.016 0.043
13 0.331 0.302 0.024 0.054
13 0.379 0.281 0.048 0.015
13 0.440 0.279 0.043 0.014
13 0.501 0.279 0.052 0.013
13 0.618 0.277 0.043 0.014
13 0.674 0.423 0.030 0.089
13 0.739 0.427 0.028 0.087
13 0.809 0.434 0.020 0.061
13 0.849 0.421 0.030 0.090
13 0.761 0.277 0.036 0.014
13 0.846 0.276 0.045 0.014
18 0.213 0.971 0.011 0.025
18 0.404 0.963 0.014 0.029
18 0.492 0.963 0.013 0.028