10 0.262 0.476 0.436 0.912
4 0.846 0.306 0.220 0.229
18 0.750 0.591 0.013 0.024
18 0.682 0.659 0.010 0.026
18 0.730 0.657 0.010 0.026
18 0.774 0.660 0.013 0.025
18 0.804 0.659 0.010 0.028
18 0.862 0.655 0.014 0.025
18 0.891 0.655 0.011 0.022
18 0.683 0.695 0.014 0.022
18 0.791 0.685 0.011 0.022
18 0.819 0.686 0.011 0.026
18 0.877 0.683 0.013 0.024
18 0.953 0.681 0.010 0.024
18 0.689 0.758 0.013 0.029
18 0.764 0.757 0.013 0.026
18 0.705 0.789 0.013 0.029
18 0.750 0.784 0.015 0.024
18 0.839 0.784 0.014 0.025
18 0.835 0.863 0.013 0.031