11 0.244 0.629 0.485 0.176
11 0.291 0.938 0.314 0.124
11 0.323 0.109 0.269 0.119
11 0.884 0.196 0.105 0.292
11 0.414 0.355 0.635 0.253
13 0.207 0.136 0.021 0.061
13 0.435 0.127 0.030 0.061
13 0.403 0.124 0.015 0.044
13 0.370 0.119 0.013 0.035
13 0.271 0.127 0.031 0.061
13 0.347 0.123 0.018 0.064
13 0.237 0.127 0.018 0.051
13 0.251 0.326 0.011 0.030
13 0.211 0.314 0.013 0.035
13 0.564 0.295 0.022 0.083
13 0.536 0.399 0.021 0.061
13 0.502 0.299 0.025 0.080
13 0.473 0.296 0.024 0.075
13 0.418 0.403 0.019 0.080
13 0.342 0.400 0.019 0.058
13 0.212 0.394 0.015 0.033
13 0.295 0.394 0.018 0.049
13 0.415 0.308 0.022 0.066
13 0.318 0.324 0.018 0.052
13 0.293 0.324 0.016 0.054
13 0.477 0.404 0.022 0.069
13 0.271 0.396 0.018 0.054
13 0.593 0.407 0.024 0.076
13 0.863 0.274 0.029 0.101
13 0.673 0.419 0.031 0.110
13 0.626 0.413 0.026 0.099
13 0.565 0.406 0.028 0.090
13 0.712 0.294 0.029 0.120
13 0.668 0.286 0.026 0.099
13 0.622 0.287 0.026 0.099
13 0.154 0.326 0.010 0.021
13 0.122 0.404 0.009 0.015
13 0.119 0.379 0.010 0.013
13 0.096 0.379 0.006 0.015
13 0.121 0.421 0.014 0.016
13 0.157 0.393 0.011 0.016
13 0.136 0.403 0.011 0.015
13 0.136 0.421 0.007 0.010
13 0.170 0.401 0.010 0.015
13 0.195 0.407 0.013 0.016
13 0.119 0.313 0.010 0.011
13 0.113 0.344 0.016 0.007
13 0.109 0.237 0.013 0.011
13 0.914 0.222 0.039 0.176
13 0.859 0.141 0.028 0.109
13 0.352 0.579 0.021 0.051
13 0.469 0.656 0.026 0.094
13 0.435 0.667 0.025 0.094
13 0.363 0.675 0.034 0.087
13 0.327 0.662 0.026 0.066
13 0.282 0.585 0.011 0.048
13 0.304 0.578 0.014 0.054
13 0.381 0.573 0.021 0.061
13 0.406 0.574 0.020 0.058
13 0.438 0.576 0.020 0.052
13 0.203 0.654 0.013 0.041
13 0.167 0.602 0.021 0.051
13 0.201 0.598 0.021 0.051
13 0.220 0.588 0.018 0.045
13 0.331 0.586 0.021 0.051
13 0.266 0.659 0.013 0.036
13 0.240 0.661 0.015 0.034
13 0.185 0.653 0.010 0.034
13 0.166 0.654 0.013 0.034
13 0.146 0.599 0.011 0.031
13 0.286 0.658 0.011 0.029
13 0.149 0.658 0.010 0.024
13 0.126 0.657 0.019 0.039
13 0.087 0.655 0.015 0.035
13 0.126 0.601 0.013 0.028
13 0.110 0.608 0.007 0.013