13 0.286 0.988 0.026 0.014
13 0.238 0.954 0.019 0.031
13 0.224 0.957 0.018 0.026
13 0.297 0.997 0.019 0.006
11 0.598 0.828 0.014 0.181
11 0.843 0.820 0.130 0.220
11 0.956 0.826 0.087 0.212
13 0.789 0.521 0.031 0.015
13 0.792 0.563 0.028 0.014
18 0.664 0.624 0.006 0.022
13 0.201 0.457 0.022 0.009
11 0.221 0.171 0.440 0.128
11 0.123 0.242 0.244 0.130
11 0.392 0.297 0.106 0.054
11 0.742 0.881 0.044 0.107
13 0.031 0.197 0.018 0.034
13 0.056 0.208 0.018 0.026
13 0.078 0.217 0.011 0.016
13 0.127 0.233 0.016 0.029
13 0.150 0.244 0.018 0.028
13 0.163 0.249 0.013 0.019
13 0.222 0.271 0.011 0.020
13 0.234 0.279 0.011 0.021
13 0.075 0.128 0.013 0.020
13 0.099 0.140 0.016 0.035
13 0.114 0.142 0.019 0.031
13 0.151 0.157 0.015 0.024
13 0.176 0.167 0.018 0.031
13 0.199 0.176 0.014 0.022
13 0.210 0.182 0.013 0.026
13 0.222 0.188 0.019 0.035
13 0.235 0.191 0.015 0.026
13 0.260 0.199 0.013 0.025
13 0.283 0.206 0.016 0.029
13 0.315 0.213 0.010 0.024
13 0.353 0.212 0.009 0.021
13 0.348 0.299 0.009 0.022
13 0.392 0.211 0.011 0.025
13 0.436 0.211 0.011 0.019
13 0.401 0.294 0.011 0.028
13 0.413 0.296 0.009 0.020
13 0.438 0.284 0.010 0.021
13 0.736 0.839 0.019 0.009
13 0.735 0.861 0.022 0.010
13 0.736 0.871 0.020 0.007
13 0.734 0.884 0.019 0.009
13 0.735 0.894 0.020 0.010
13 0.734 0.907 0.020 0.009
13 0.758 0.861 0.009 0.018
13 0.758 0.888 0.009 0.021
13 0.757 0.913 0.009 0.021
13 0.774 0.894 0.011 0.033
13 0.802 0.856 0.024 0.011
13 0.803 0.843 0.026 0.010
13 0.810 0.826 0.028 0.013
13 0.944 0.779 0.031 0.013
13 0.983 0.792 0.026 0.010
13 0.811 0.745 0.035 0.013
13 0.806 0.760 0.028 0.013
18 0.684 0.068 0.007 0.014
18 0.767 0.176 0.015 0.007
18 0.764 0.212 0.015 0.009
18 0.836 0.228 0.016 0.009
18 0.860 0.037 0.007 0.015
18 0.913 0.044 0.016 0.009
18 0.897 0.184 0.015 0.010
18 0.902 0.145 0.019 0.010
18 0.816 0.226 0.016 0.009
6 0.651 0.626 0.071 0.695