11 0.182 0.384 0.189 0.726
11 0.260 0.077 0.065 0.151
11 0.342 0.068 0.036 0.133
11 0.376 0.054 0.014 0.076
11 0.414 0.052 0.010 0.080
11 0.498 0.368 0.171 0.709
11 0.751 0.367 0.225 0.733
13 0.244 0.127 0.022 0.051
13 0.216 0.249 0.061 0.031
13 0.210 0.311 0.052 0.022
13 0.212 0.278 0.059 0.018
13 0.216 0.340 0.058 0.022
13 0.208 0.369 0.046 0.021
13 0.216 0.399 0.043 0.018
13 0.213 0.428 0.036 0.016
13 0.222 0.454 0.041 0.018
13 0.238 0.478 0.071 0.024
13 0.228 0.534 0.046 0.019
13 0.131 0.343 0.072 0.024
13 0.147 0.374 0.046 0.016
13 0.148 0.404 0.051 0.018
13 0.152 0.428 0.049 0.014
13 0.148 0.513 0.066 0.024
13 0.166 0.691 0.072 0.016
13 0.349 0.064 0.020 0.068
13 0.497 0.117 0.029 0.039
13 0.483 0.156 0.066 0.022
13 0.481 0.181 0.068 0.025
13 0.543 0.134 0.021 0.046
13 0.562 0.192 0.044 0.019
13 0.552 0.265 0.046 0.015
13 0.471 0.259 0.075 0.021
13 0.470 0.298 0.072 0.024
13 0.452 0.614 0.076 0.035
13 0.489 0.694 0.117 0.046
13 0.683 0.029 0.086 0.021
13 0.704 0.117 0.068 0.022
13 0.705 0.214 0.058 0.021
13 0.786 0.213 0.070 0.021
13 0.698 0.338 0.070 0.025
13 0.782 0.357 0.068 0.021
13 0.795 0.394 0.087 0.021
13 0.693 0.418 0.068 0.021
13 0.787 0.429 0.081 0.022
13 0.793 0.463 0.089 0.024
13 0.700 0.472 0.058 0.020
13 0.799 0.498 0.094 0.026
13 0.696 0.554 0.060 0.015
13 0.805 0.603 0.110 0.029
13 0.701 0.609 0.052 0.019
13 0.781 0.637 0.052 0.020
13 0.794 0.673 0.099 0.029
13 0.728 0.721 0.106 0.031