11 0.177 0.366 0.230 0.626
11 0.401 0.383 0.224 0.539
11 0.583 0.434 0.155 0.357
11 0.614 0.598 0.651 0.217
13 0.133 0.074 0.109 0.041
13 0.189 0.116 0.050 0.020
13 0.174 0.142 0.064 0.028
13 0.182 0.167 0.074 0.034
13 0.190 0.236 0.060 0.029
13 0.185 0.214 0.055 0.028
13 0.201 0.258 0.068 0.030
13 0.204 0.279 0.068 0.030
13 0.220 0.349 0.062 0.030
13 0.226 0.369 0.068 0.030
13 0.224 0.393 0.055 0.026
13 0.235 0.412 0.070 0.033
13 0.236 0.439 0.059 0.025
13 0.239 0.459 0.059 0.029
13 0.242 0.483 0.056 0.026
13 0.246 0.507 0.046 0.022
13 0.259 0.527 0.062 0.025
13 0.274 0.621 0.060 0.029
13 0.168 0.371 0.018 0.041
13 0.176 0.456 0.043 0.090
13 0.200 0.570 0.043 0.115
13 0.340 0.681 0.083 0.034
13 0.511 0.647 0.071 0.030
13 0.420 0.637 0.058 0.028
13 0.486 0.626 0.058 0.028
13 0.409 0.595 0.054 0.025
13 0.474 0.584 0.046 0.020
13 0.468 0.562 0.041 0.021
13 0.465 0.539 0.048 0.025
13 0.461 0.519 0.052 0.021
13 0.460 0.496 0.052 0.021
13 0.453 0.476 0.049 0.021
13 0.389 0.510 0.052 0.028
13 0.398 0.553 0.054 0.024
13 0.401 0.573 0.055 0.024
13 0.381 0.469 0.054 0.022
13 0.379 0.448 0.052 0.022
13 0.376 0.427 0.045 0.021
13 0.367 0.406 0.051 0.019
13 0.364 0.384 0.052 0.022
13 0.427 0.347 0.052 0.022
13 0.429 0.371 0.051 0.020
13 0.429 0.329 0.060 0.024
13 0.416 0.308 0.048 0.021
13 0.352 0.321 0.052 0.022
13 0.345 0.301 0.052 0.022
13 0.344 0.276 0.052 0.022
13 0.340 0.258 0.052 0.022
13 0.330 0.235 0.052 0.022
13 0.405 0.219 0.055 0.026
13 0.401 0.245 0.048 0.018
13 0.407 0.267 0.052 0.021
13 0.325 0.195 0.045 0.018
13 0.321 0.176 0.051 0.021
13 0.333 0.134 0.080 0.039
13 0.524 0.270 0.033 0.022
13 0.560 0.283 0.033 0.016
13 0.527 0.292 0.034 0.018
13 0.542 0.311 0.034 0.018
13 0.598 0.320 0.034 0.018
13 0.541 0.333 0.048 0.020
13 0.545 0.347 0.048 0.020
13 0.598 0.341 0.028 0.014
13 0.609 0.358 0.036 0.019
13 0.559 0.407 0.043 0.020
13 0.603 0.381 0.025 0.013
13 0.563 0.424 0.039 0.020
13 0.606 0.397 0.021 0.011
13 0.618 0.411 0.035 0.015
13 0.568 0.447 0.045 0.021
13 0.572 0.465 0.036 0.018
13 0.618 0.434 0.025 0.011
13 0.624 0.455 0.025 0.013
13 0.582 0.502 0.036 0.018
13 0.636 0.492 0.036 0.018
13 0.584 0.524 0.043 0.021
13 0.585 0.542 0.043 0.021
13 0.642 0.533 0.034 0.019
13 0.594 0.578 0.051 0.025
13 0.606 0.598 0.033 0.016
13 0.643 0.571 0.026 0.015
13 0.680 0.613 0.060 0.020
13 0.744 0.598 0.043 0.019
13 0.716 0.571 0.011 0.026
13 0.728 0.571 0.010 0.021
13 0.739 0.571 0.011 0.025
13 0.751 0.565 0.013 0.020
13 0.778 0.561 0.014 0.021
13 0.856 0.549 0.019 0.014
13 0.931 0.561 0.019 0.009
13 0.927 0.575 0.020 0.010