4 0.136 0.366 0.193 0.186
4 0.128 0.851 0.122 0.121
4 0.671 0.564 0.126 0.134
16 0.826 0.381 0.052 0.115
16 0.894 0.380 0.052 0.115
16 0.826 0.552 0.052 0.115
16 0.894 0.552 0.052 0.115
18 0.392 0.019 0.024 0.011
18 0.424 0.019 0.029 0.011
18 0.506 0.019 0.021 0.010
18 0.569 0.020 0.029 0.013
18 0.745 0.019 0.020 0.011
18 0.796 0.019 0.021 0.011
18 0.850 0.018 0.028 0.011
18 0.078 0.056 0.009 0.021
18 0.078 0.029 0.011 0.022
18 0.851 0.796 0.024 0.009
18 0.848 0.846 0.022 0.007
18 0.849 0.891 0.019 0.007
18 0.928 0.853 0.024 0.010
5 0.639 0.756 0.114 0.069
5 0.640 0.829 0.113 0.068
5 0.639 0.900 0.113 0.068
5 0.636 0.971 0.115 0.059