11 0.224 0.071 0.285 0.086
11 0.228 0.217 0.286 0.045
11 0.232 0.393 0.281 0.090
11 0.240 0.581 0.292 0.056
11 0.247 0.732 0.261 0.089
11 0.247 0.934 0.263 0.094
11 0.706 0.775 0.340 0.203
11 0.726 0.431 0.415 0.228
11 0.763 0.136 0.141 0.160
13 0.818 0.036 0.025 0.061
13 0.839 0.036 0.034 0.069
13 0.207 0.095 0.170 0.035
13 0.172 0.209 0.104 0.029
13 0.294 0.206 0.104 0.029
13 0.173 0.419 0.136 0.041
13 0.296 0.708 0.130 0.036
13 0.307 0.589 0.150 0.035
13 0.287 0.415 0.079 0.033
13 0.162 0.586 0.096 0.033
13 0.176 0.716 0.095 0.030
13 0.179 0.909 0.104 0.041
13 0.177 0.963 0.087 0.036
13 0.333 0.086 0.054 0.028
13 0.743 0.147 0.100 0.074
13 0.761 0.180 0.086 0.058
13 0.544 0.374 0.031 0.101
13 0.661 0.372 0.031 0.101
13 0.659 0.492 0.031 0.101
13 0.556 0.723 0.031 0.101
13 0.582 0.488 0.031 0.101
13 0.561 0.831 0.035 0.090
13 0.696 0.369 0.035 0.090
13 0.770 0.371 0.035 0.090
13 0.619 0.488 0.036 0.094
13 0.619 0.372 0.036 0.094
13 0.669 0.828 0.036 0.094
13 0.543 0.486 0.036 0.094
13 0.584 0.374 0.030 0.089
13 0.814 0.387 0.030 0.089
13 0.629 0.721 0.030 0.089
13 0.735 0.723 0.030 0.089
13 0.772 0.822 0.030 0.089
13 0.738 0.819 0.030 0.089
13 0.629 0.827 0.030 0.089
13 0.772 0.723 0.030 0.089
13 0.596 0.728 0.025 0.083
13 0.810 0.726 0.025 0.083
13 0.840 0.818 0.028 0.077
13 0.849 0.474 0.028 0.077
13 0.839 0.719 0.024 0.064
13 0.692 0.464 0.026 0.046
13 0.601 0.806 0.021 0.043
13 0.787 0.732 0.021 0.041
13 0.971 0.125 0.058 0.075