2 0.226 0.128 0.054 0.048
2 0.223 0.199 0.054 0.048
2 0.223 0.271 0.054 0.048
2 0.409 0.200 0.054 0.048
2 0.408 0.271 0.054 0.048
2 0.223 0.345 0.054 0.048
2 0.224 0.416 0.054 0.048
2 0.227 0.491 0.054 0.048
2 0.409 0.345 0.054 0.048
2 0.408 0.420 0.054 0.048
2 0.409 0.491 0.054 0.048
2 0.408 0.564 0.054 0.048
2 0.222 0.562 0.054 0.048
2 0.224 0.636 0.054 0.048
2 0.407 0.635 0.054 0.048
2 0.407 0.708 0.054 0.048
2 0.224 0.709 0.054 0.048
2 0.223 0.780 0.054 0.048
2 0.407 0.781 0.054 0.048
2 0.223 0.853 0.054 0.048
2 0.408 0.915 0.054 0.048
2 0.222 0.912 0.054 0.048