11 0.400 0.200 0.765 0.160
11 0.080 0.089 0.125 0.170
11 0.317 0.534 0.389 0.099
11 0.639 0.933 0.100 0.134
13 0.318 0.155 0.031 0.072
13 0.318 0.244 0.031 0.072
13 0.358 0.247 0.031 0.072
13 0.569 0.238 0.033 0.064
13 0.425 0.244 0.025 0.066
13 0.453 0.154 0.029 0.072
13 0.486 0.159 0.029 0.072
13 0.426 0.155 0.029 0.072
13 0.739 0.237 0.025 0.066
13 0.624 0.238 0.025 0.066
13 0.736 0.153 0.025 0.066
13 0.771 0.189 0.025 0.086
13 0.708 0.237 0.024 0.066
13 0.392 0.241 0.026 0.058
13 0.627 0.162 0.020 0.051
13 0.595 0.167 0.020 0.051
13 0.249 0.234 0.022 0.041
13 0.268 0.172 0.022 0.041
13 0.142 0.236 0.022 0.041
13 0.219 0.227 0.022 0.041
13 0.058 0.189 0.044 0.021
13 0.218 0.519 0.044 0.021
13 0.509 0.157 0.022 0.041