11 0.637 0.554 0.145 0.472
11 0.498 0.573 0.164 0.500
11 0.315 0.579 0.098 0.495
11 0.166 0.589 0.122 0.549
11 0.049 0.581 0.058 0.522
13 0.387 0.966 0.019 0.036
13 0.986 0.846 0.028 0.021
18 0.468 0.252 0.050 0.019
18 0.589 0.268 0.010 0.020
18 0.656 0.269 0.010 0.030
18 0.329 0.281 0.014 0.024
18 0.638 0.190 0.011 0.025
18 0.477 0.199 0.021 0.010
18 0.374 0.251 0.026 0.015
18 0.597 0.156 0.009 0.020
18 0.614 0.163 0.006 0.018
18 0.650 0.144 0.020 0.011
18 0.617 0.192 0.011 0.024
13 0.438 0.376 0.030 0.013
13 0.496 0.414 0.054 0.022
13 0.499 0.456 0.043 0.019
13 0.509 0.498 0.055 0.021
13 0.461 0.630 0.056 0.022
13 0.476 0.690 0.039 0.015
13 0.435 0.782 0.022 0.061
13 0.491 0.777 0.026 0.058
13 0.336 0.637 0.048 0.020
13 0.328 0.704 0.019 0.010
13 0.291 0.663 0.029 0.019
13 0.053 0.652 0.036 0.015
13 0.054 0.716 0.037 0.014
13 0.054 0.684 0.037 0.011
13 0.049 0.619 0.024 0.014
13 0.192 0.525 0.041 0.020
13 0.041 0.358 0.025 0.011
13 0.131 0.427 0.034 0.013
13 0.154 0.357 0.011 0.024
13 0.334 0.554 0.043 0.015
13 0.331 0.597 0.037 0.019
13 0.596 0.334 0.056 0.036
13 0.331 0.430 0.043 0.018
13 0.332 0.469 0.039 0.018
13 0.286 0.362 0.015 0.034
18 0.263 0.280 0.010 0.022
18 0.276 0.282 0.009 0.022
18 0.287 0.280 0.009 0.022
18 0.627 0.166 0.009 0.022
13 0.442 0.441 0.044 0.019
13 0.441 0.461 0.048 0.020
13 0.456 0.546 0.046 0.024
13 0.515 0.539 0.058 0.026
13 0.526 0.623 0.059 0.021
13 0.479 0.708 0.031 0.015
13 0.479 0.734 0.029 0.016
13 0.535 0.706 0.055 0.020
13 0.542 0.729 0.033 0.016
13 0.542 0.779 0.030 0.071
13 0.568 0.767 0.024 0.061
13 0.633 0.479 0.031 0.015
13 0.630 0.507 0.050 0.021
13 0.652 0.558 0.021 0.011
13 0.644 0.576 0.043 0.015
13 0.651 0.601 0.043 0.018
13 0.689 0.634 0.011 0.019
13 0.656 0.652 0.046 0.021
13 0.691 0.754 0.028 0.066
13 0.662 0.755 0.025 0.058
13 0.636 0.761 0.022 0.056
13 0.140 0.655 0.052 0.018
13 0.200 0.651 0.055 0.020
13 0.145 0.679 0.022 0.010
13 0.189 0.677 0.022 0.011
13 0.291 0.705 0.036 0.013
13 0.287 0.623 0.034 0.016
13 0.294 0.726 0.035 0.014
13 0.286 0.793 0.028 0.064
13 0.309 0.791 0.021 0.059
13 0.340 0.791 0.025 0.066
13 0.137 0.828 0.019 0.058
13 0.164 0.830 0.019 0.058
13 0.191 0.828 0.026 0.071
13 0.217 0.827 0.024 0.061
13 0.036 0.807 0.022 0.059
13 0.065 0.811 0.025 0.068
13 0.056 0.752 0.043 0.018
13 0.054 0.588 0.043 0.015
13 0.050 0.568 0.035 0.016
13 0.044 0.389 0.022 0.013
13 0.043 0.454 0.021 0.011
13 0.284 0.522 0.031 0.011
13 0.285 0.541 0.033 0.013
13 0.287 0.603 0.029 0.014
13 0.041 0.070 0.031 0.028
13 0.034 0.086 0.026 0.022
13 0.271 0.177 0.022 0.046
13 0.221 0.271 0.020 0.065
13 0.329 0.191 0.022 0.045