11 0.266 0.258 0.511 0.160
11 0.218 0.434 0.349 0.121
11 0.226 0.708 0.223 0.120
13 0.175 0.713 0.022 0.029
13 0.190 0.706 0.018 0.025
13 0.222 0.699 0.019 0.024
13 0.255 0.733 0.022 0.029
13 0.276 0.725 0.018 0.030
13 0.290 0.666 0.018 0.034
13 0.278 0.404 0.018 0.061
13 0.255 0.409 0.018 0.046
13 0.347 0.408 0.052 0.019
13 0.358 0.439 0.071 0.021
13 0.187 0.421 0.016 0.036
13 0.142 0.409 0.021 0.052
13 0.166 0.420 0.016 0.037
13 0.198 0.474 0.015 0.030
13 0.301 0.476 0.016 0.043
13 0.136 0.476 0.014 0.033
13 0.156 0.477 0.014 0.035
13 0.112 0.477 0.014 0.039
13 0.090 0.480 0.015 0.028
13 0.118 0.416 0.016 0.041
13 0.096 0.439 0.025 0.014
13 0.484 0.233 0.068 0.033
13 0.491 0.256 0.048 0.028
13 0.206 0.219 0.015 0.049
13 0.115 0.210 0.013 0.043
13 0.140 0.213 0.015 0.049
13 0.161 0.219 0.015 0.049
13 0.229 0.222 0.015 0.049
13 0.264 0.296 0.015 0.049
13 0.244 0.294 0.015 0.049
13 0.224 0.287 0.014 0.041
13 0.205 0.286 0.015 0.036
13 0.183 0.283 0.014 0.041
13 0.341 0.238 0.015 0.049
13 0.318 0.236 0.015 0.049
13 0.296 0.233 0.015 0.049
13 0.273 0.232 0.015 0.049
13 0.251 0.226 0.015 0.049
13 0.302 0.303 0.013 0.041
13 0.282 0.298 0.015 0.046
13 0.161 0.279 0.015 0.040
13 0.095 0.208 0.015 0.041
13 0.144 0.276 0.015 0.034
13 0.119 0.273 0.014 0.034
13 0.074 0.214 0.013 0.036
13 0.428 0.307 0.019 0.044
13 0.408 0.311 0.019 0.051
13 0.366 0.306 0.015 0.045
13 0.344 0.304 0.014 0.046
13 0.324 0.304 0.016 0.048
13 0.429 0.224 0.028 0.055
13 0.403 0.228 0.025 0.059
13 0.379 0.234 0.026 0.059
13 0.034 0.198 0.013 0.036
13 0.051 0.216 0.011 0.030
13 0.019 0.450 0.033 0.022
13 0.018 0.472 0.031 0.013
13 0.010 0.485 0.015 0.007
13 0.023 0.504 0.039 0.019
13 0.019 0.535 0.028 0.020
13 0.011 0.388 0.019 0.015
13 0.098 0.257 0.021 0.009