11 0.500 0.631 0.998 0.507
13 0.380 0.403 0.163 0.044
13 0.175 0.394 0.083 0.033
13 0.056 0.501 0.090 0.037
13 0.056 0.541 0.090 0.037
13 0.075 0.619 0.090 0.051
13 0.078 0.662 0.086 0.033
13 0.086 0.704 0.091 0.036
13 0.231 0.710 0.087 0.040
13 0.219 0.656 0.101 0.049
13 0.219 0.607 0.100 0.044
13 0.323 0.489 0.096 0.039
13 0.455 0.484 0.085 0.034
13 0.586 0.489 0.094 0.049
13 0.724 0.493 0.104 0.039
13 0.324 0.786 0.035 0.091
13 0.247 0.803 0.028 0.074
13 0.365 0.788 0.033 0.091
13 0.399 0.793 0.033 0.091
13 0.439 0.763 0.033 0.091
13 0.526 0.787 0.043 0.081
13 0.570 0.779 0.040 0.091
13 0.618 0.783 0.040 0.091
13 0.704 0.779 0.041 0.102
13 0.794 0.782 0.036 0.090
13 0.833 0.782 0.035 0.094