11 0.112 0.347 0.046 0.399
11 0.279 0.358 0.116 0.394
11 0.434 0.374 0.099 0.417
11 0.604 0.407 0.129 0.486
11 0.811 0.451 0.160 0.605
13 0.104 0.184 0.009 0.024
13 0.095 0.247 0.010 0.024
13 0.124 0.279 0.018 0.062
13 0.122 0.354 0.015 0.055
13 0.122 0.422 0.018 0.037
13 0.249 0.197 0.033 0.009
13 0.249 0.215 0.041 0.013
13 0.311 0.197 0.041 0.011
13 0.311 0.215 0.036 0.010
13 0.312 0.237 0.036 0.011
13 0.253 0.236 0.036 0.011
13 0.251 0.261 0.044 0.011
13 0.311 0.263 0.041 0.011
13 0.251 0.282 0.048 0.013
13 0.311 0.283 0.041 0.014
13 0.251 0.305 0.051 0.015
13 0.253 0.328 0.045 0.018
13 0.309 0.328 0.036 0.010
13 0.311 0.349 0.039 0.014
13 0.253 0.372 0.044 0.014
13 0.309 0.369 0.030 0.011
13 0.402 0.184 0.029 0.010
13 0.446 0.181 0.006 0.013
13 0.408 0.219 0.026 0.009
13 0.461 0.216 0.035 0.014
13 0.402 0.233 0.024 0.009
13 0.463 0.237 0.033 0.010
13 0.464 0.254 0.037 0.011
13 0.405 0.254 0.035 0.011
13 0.459 0.294 0.036 0.015
13 0.408 0.307 0.036 0.013
13 0.464 0.314 0.043 0.014
13 0.458 0.333 0.036 0.013
13 0.408 0.345 0.036 0.013
13 0.411 0.367 0.022 0.009
13 0.460 0.352 0.033 0.010
13 0.459 0.373 0.039 0.014
13 0.250 0.417 0.045 0.014
13 0.312 0.394 0.044 0.014
13 0.312 0.415 0.043 0.013
13 0.249 0.439 0.052 0.014
13 0.309 0.439 0.039 0.011
13 0.404 0.381 0.021 0.006
13 0.249 0.462 0.046 0.016
13 0.310 0.460 0.043 0.013
13 0.243 0.483 0.049 0.014
13 0.308 0.483 0.041 0.011
13 0.254 0.526 0.043 0.013
13 0.312 0.505 0.043 0.010
13 0.312 0.526 0.041 0.013
13 0.278 0.551 0.031 0.009
13 0.404 0.419 0.029 0.010
13 0.463 0.393 0.034 0.011
13 0.461 0.411 0.035 0.010
13 0.459 0.434 0.025 0.007
13 0.406 0.440 0.026 0.010
13 0.463 0.451 0.040 0.014
13 0.407 0.492 0.033 0.010
13 0.461 0.472 0.037 0.011
13 0.408 0.514 0.031 0.009
13 0.411 0.529 0.030 0.009
13 0.463 0.529 0.043 0.014
13 0.404 0.549 0.035 0.011
13 0.425 0.575 0.062 0.018
13 0.466 0.574 0.010 0.013
13 0.459 0.549 0.035 0.010
13 0.588 0.192 0.007 0.016
13 0.562 0.214 0.021 0.010
13 0.632 0.201 0.026 0.010
13 0.629 0.214 0.034 0.011
13 0.573 0.239 0.031 0.010
13 0.629 0.235 0.033 0.007
13 0.566 0.254 0.035 0.011
13 0.572 0.279 0.044 0.010
13 0.627 0.260 0.031 0.010
13 0.631 0.278 0.039 0.011
13 0.576 0.295 0.035 0.010
13 0.629 0.294 0.035 0.011
13 0.630 0.318 0.033 0.013
13 0.570 0.339 0.043 0.015
13 0.632 0.341 0.044 0.011
13 0.633 0.359 0.046 0.014
13 0.573 0.381 0.045 0.013
13 0.636 0.382 0.062 0.014
13 0.566 0.429 0.045 0.015
13 0.631 0.404 0.051 0.014
13 0.633 0.427 0.051 0.014
13 0.633 0.450 0.051 0.013
13 0.634 0.474 0.050 0.015
13 0.768 0.266 0.019 0.007
13 0.632 0.495 0.046 0.010
13 0.634 0.517 0.051 0.014
13 0.570 0.544 0.035 0.009
13 0.630 0.539 0.040 0.011
13 0.629 0.562 0.043 0.015
13 0.634 0.586 0.054 0.015
13 0.569 0.632 0.052 0.016
13 0.572 0.608 0.044 0.014
13 0.568 0.586 0.052 0.015
13 0.634 0.610 0.050 0.015
13 0.775 0.279 0.022 0.007
13 0.773 0.300 0.041 0.013
13 0.775 0.325 0.035 0.013
13 0.766 0.345 0.061 0.015
13 0.820 0.358 0.015 0.006
13 0.836 0.369 0.024 0.009
13 0.834 0.391 0.031 0.011
13 0.820 0.399 0.022 0.007
13 0.771 0.370 0.051 0.018
13 0.766 0.391 0.040 0.011
13 0.764 0.417 0.062 0.018
13 0.850 0.448 0.028 0.007
13 0.853 0.461 0.025 0.010
13 0.766 0.438 0.024 0.007
13 0.764 0.449 0.018 0.007
13 0.823 0.472 0.024 0.009
13 0.822 0.486 0.026 0.009
13 0.769 0.466 0.051 0.013
13 0.767 0.491 0.055 0.018
13 0.756 0.509 0.028 0.009
13 0.841 0.510 0.028 0.010
13 0.839 0.539 0.059 0.015
13 0.838 0.587 0.050 0.016
13 0.766 0.612 0.052 0.016
13 0.766 0.635 0.056 0.015
13 0.842 0.612 0.066 0.016
13 0.766 0.664 0.059 0.015
13 0.782 0.705 0.024 0.007
13 0.844 0.634 0.040 0.013
13 0.853 0.668 0.081 0.019
13 0.842 0.699 0.061 0.019
13 0.840 0.726 0.062 0.016
13 0.095 0.279 0.013 0.031