11 0.637 0.256 0.091 0.152
11 0.513 0.569 0.974 0.688
13 0.868 0.555 0.061 0.077
13 0.944 0.334 0.022 0.065
13 0.619 0.243 0.039 0.061
13 0.659 0.246 0.039 0.068
13 0.045 0.311 0.018 0.029
13 0.082 0.258 0.039 0.055
13 0.120 0.292 0.030 0.046
13 0.173 0.315 0.034 0.050
13 0.123 0.357 0.021 0.033
13 0.138 0.367 0.019 0.029
13 0.154 0.378 0.025 0.033
13 0.202 0.406 0.024 0.031
13 0.216 0.415 0.022 0.033
13 0.199 0.336 0.035 0.050
13 0.217 0.347 0.029 0.043
13 0.267 0.372 0.036 0.061
13 0.249 0.436 0.022 0.033
13 0.263 0.445 0.020 0.030
13 0.294 0.461 0.015 0.025
13 0.311 0.472 0.025 0.033
13 0.326 0.483 0.022 0.034
13 0.296 0.386 0.044 0.060
13 0.314 0.404 0.034 0.044
13 0.336 0.422 0.040 0.040
13 0.359 0.432 0.037 0.049
13 0.378 0.448 0.025 0.035
13 0.416 0.469 0.033 0.046
13 0.375 0.511 0.025 0.033
13 0.389 0.519 0.016 0.028
13 0.406 0.529 0.020 0.031
13 0.417 0.541 0.018 0.026
13 0.436 0.549 0.020 0.029
13 0.449 0.560 0.024 0.030
13 0.469 0.570 0.020 0.030
13 0.481 0.581 0.016 0.028
13 0.496 0.521 0.028 0.046
13 0.435 0.481 0.033 0.040
13 0.515 0.531 0.020 0.033
13 0.500 0.586 0.020 0.028
13 0.512 0.596 0.020 0.028
13 0.528 0.611 0.024 0.030
13 0.544 0.618 0.020 0.034
13 0.554 0.556 0.030 0.046
13 0.576 0.568 0.031 0.045
13 0.592 0.583 0.031 0.040
13 0.614 0.593 0.030 0.044
13 0.577 0.636 0.021 0.031
13 0.592 0.648 0.021 0.026
13 0.608 0.655 0.018 0.028
13 0.634 0.606 0.035 0.049
13 0.692 0.641 0.039 0.050
13 0.637 0.676 0.021 0.028
13 0.656 0.685 0.019 0.030
13 0.664 0.698 0.021 0.031
13 0.685 0.706 0.025 0.031
13 0.715 0.724 0.025 0.036
13 0.733 0.667 0.035 0.051
13 0.763 0.754 0.026 0.035
13 0.770 0.690 0.033 0.040
13 0.777 0.763 0.030 0.036
13 0.792 0.772 0.026 0.035
13 0.814 0.714 0.030 0.037
13 0.869 0.748 0.031 0.036
13 0.809 0.782 0.021 0.034
13 0.841 0.799 0.022 0.030
13 0.854 0.811 0.019 0.024
13 0.889 0.762 0.030 0.045
13 0.885 0.830 0.025 0.033
13 0.869 0.822 0.018 0.031
13 0.904 0.839 0.022 0.030
13 0.919 0.849 0.022 0.030
13 0.932 0.858 0.025 0.034
13 0.948 0.868 0.021 0.031
13 0.967 0.880 0.019 0.025
13 0.979 0.888 0.025 0.034
13 0.994 0.896 0.013 0.036
13 0.713 0.650 0.031 0.043
13 0.790 0.701 0.040 0.050
13 0.699 0.715 0.024 0.035
13 0.831 0.727 0.034 0.046
13 0.849 0.745 0.030 0.040
13 0.824 0.791 0.021 0.031
13 0.909 0.775 0.034 0.048
13 0.929 0.786 0.037 0.052
13 0.951 0.799 0.037 0.051
13 0.969 0.812 0.030 0.045
11 0.931 0.329 0.069 0.133