15 0.649 0.431 0.090 0.077
15 0.166 0.346 0.060 0.051
15 0.229 0.364 0.056 0.054
15 0.302 0.374 0.070 0.065
15 0.389 0.392 0.084 0.079
15 0.498 0.378 0.036 0.026
15 0.536 0.443 0.036 0.025
15 0.494 0.441 0.034 0.025
15 0.537 0.412 0.036 0.025
15 0.494 0.409 0.034 0.021
15 0.539 0.381 0.036 0.026
15 0.749 0.443 0.069 0.059
15 0.829 0.488 0.033 0.026
15 0.864 0.490 0.036 0.028
15 0.841 0.519 0.036 0.029
15 0.489 0.504 0.029 0.025
15 0.521 0.530 0.026 0.020
15 0.487 0.529 0.026 0.022
15 0.523 0.505 0.029 0.022
15 0.770 0.974 0.037 0.034
15 0.915 0.989 0.058 0.022
15 0.815 0.991 0.060 0.019