11 0.378 0.649 0.180 0.675
11 0.696 0.653 0.158 0.676
11 0.922 0.612 0.145 0.729
11 0.117 0.616 0.129 0.759
13 0.330 0.334 0.052 0.020
13 0.333 0.362 0.052 0.020
13 0.333 0.385 0.052 0.020
13 0.328 0.411 0.061 0.022
13 0.332 0.435 0.061 0.022
13 0.329 0.463 0.061 0.022
13 0.324 0.489 0.068 0.025
13 0.326 0.537 0.068 0.025
13 0.328 0.563 0.061 0.026
13 0.327 0.588 0.061 0.026
13 0.422 0.324 0.071 0.021
13 0.421 0.352 0.071 0.021
13 0.426 0.393 0.076 0.026
13 0.418 0.424 0.066 0.026
13 0.412 0.495 0.058 0.020
13 0.416 0.525 0.062 0.020
13 0.417 0.554 0.066 0.029
13 0.417 0.586 0.071 0.030
13 0.664 0.339 0.071 0.030
13 0.659 0.366 0.081 0.028
13 0.671 0.395 0.064 0.022
13 0.669 0.424 0.064 0.022
13 0.672 0.459 0.064 0.022
13 0.667 0.485 0.064 0.022
13 0.665 0.515 0.060 0.020
13 0.672 0.541 0.065 0.022
13 0.663 0.598 0.084 0.029
13 0.672 0.627 0.077 0.025
13 0.662 0.659 0.083 0.028
13 0.669 0.688 0.066 0.022
13 0.672 0.719 0.066 0.022
13 0.664 0.750 0.080 0.022
13 0.669 0.777 0.071 0.021
13 0.676 0.807 0.058 0.024
13 0.671 0.835 0.069 0.022
13 0.666 0.864 0.072 0.024
13 0.665 0.924 0.077 0.020
13 0.744 0.417 0.028 0.100
13 0.745 0.532 0.028 0.100
13 0.752 0.664 0.037 0.145
13 0.749 0.824 0.036 0.114
13 0.922 0.266 0.095 0.033
13 0.906 0.412 0.113 0.037
13 0.927 0.505 0.072 0.025
13 0.927 0.539 0.072 0.025
13 0.936 0.588 0.055 0.021
13 0.939 0.612 0.055 0.021
13 0.936 0.637 0.055 0.021
13 0.936 0.658 0.055 0.021
13 0.929 0.688 0.055 0.021
13 0.926 0.713 0.055 0.021
13 0.941 0.760 0.049 0.020
13 0.931 0.787 0.075 0.021
13 0.938 0.806 0.055 0.018
13 0.936 0.835 0.066 0.018
13 0.939 0.858 0.060 0.022
13 0.939 0.881 0.060 0.022
13 0.945 0.906 0.060 0.022
13 0.946 0.933 0.054 0.021