11 0.689 0.438 0.417 0.873
11 0.200 0.469 0.398 0.935
13 0.083 0.086 0.164 0.119
13 0.148 0.169 0.039 0.122
13 0.137 0.360 0.061 0.240
13 0.135 0.598 0.065 0.221
13 0.149 0.807 0.055 0.182
13 0.226 0.030 0.029 0.043
13 0.284 0.072 0.164 0.049
13 0.301 0.145 0.175 0.060
13 0.284 0.250 0.140 0.052
13 0.304 0.396 0.169 0.064
13 0.290 0.503 0.147 0.054
13 0.306 0.579 0.171 0.061
13 0.298 0.691 0.151 0.062
13 0.253 0.634 0.036 0.024
13 0.300 0.794 0.130 0.048
13 0.256 0.914 0.164 0.050
13 0.576 0.082 0.181 0.061
13 0.579 0.158 0.194 0.066
13 0.614 0.261 0.130 0.048
13 0.591 0.374 0.171 0.058
13 0.603 0.469 0.149 0.058
13 0.594 0.581 0.171 0.061
13 0.583 0.690 0.165 0.052
13 0.596 0.826 0.145 0.051
13 0.783 0.040 0.126 0.040
13 0.788 0.111 0.146 0.054
13 0.801 0.171 0.154 0.048
13 0.809 0.242 0.172 0.055
13 0.808 0.381 0.159 0.055
13 0.808 0.440 0.159 0.055
13 0.794 0.566 0.159 0.055
13 0.804 0.641 0.174 0.055
13 0.801 0.699 0.154 0.052
13 0.789 0.830 0.133 0.052