11 0.734 0.406 0.341 0.698
11 0.261 0.386 0.338 0.651
13 0.169 0.093 0.128 0.039
13 0.175 0.157 0.128 0.039
13 0.346 0.151 0.121 0.043
13 0.343 0.207 0.121 0.043
13 0.341 0.263 0.109 0.041
13 0.176 0.262 0.133 0.046
13 0.172 0.318 0.144 0.046
13 0.349 0.323 0.144 0.046
13 0.339 0.381 0.081 0.040
13 0.174 0.376 0.121 0.031
13 0.352 0.435 0.124 0.045
13 0.174 0.432 0.155 0.049
13 0.172 0.609 0.149 0.049
13 0.360 0.548 0.140 0.046
13 0.319 0.685 0.169 0.050
13 0.755 0.726 0.180 0.054
13 0.649 0.644 0.136 0.051
13 0.826 0.653 0.113 0.051
13 0.814 0.586 0.111 0.039
13 0.648 0.582 0.111 0.039
13 0.643 0.521 0.149 0.048
13 0.821 0.521 0.149 0.048
13 0.822 0.463 0.149 0.048
13 0.651 0.464 0.149 0.048
13 0.652 0.404 0.125 0.041
13 0.803 0.404 0.101 0.043
13 0.823 0.346 0.154 0.048
13 0.647 0.342 0.144 0.046
13 0.642 0.285 0.117 0.040
13 0.826 0.284 0.146 0.051
13 0.806 0.227 0.131 0.044
13 0.639 0.228 0.147 0.046
13 0.640 0.168 0.147 0.046
13 0.645 0.104 0.122 0.039
13 0.821 0.107 0.134 0.045