11 0.552 0.471 0.286 0.504
11 0.412 0.592 0.174 0.241
11 0.263 0.667 0.166 0.242
13 0.263 0.645 0.024 0.028
13 0.581 0.559 0.041 0.026
13 0.631 0.534 0.041 0.028
13 0.499 0.393 0.049 0.029
13 0.616 0.490 0.039 0.025
13 0.546 0.474 0.034 0.018
13 0.566 0.515 0.030 0.018
13 0.438 0.278 0.039 0.020
13 0.527 0.272 0.071 0.036
13 0.474 0.359 0.051 0.033
13 0.459 0.307 0.048 0.028
13 0.551 0.349 0.040 0.021
13 0.569 0.389 0.040 0.024
13 0.381 0.574 0.025 0.022
13 0.404 0.615 0.033 0.025
13 0.593 0.576 0.030 0.025
13 0.617 0.509 0.031 0.018
13 0.599 0.467 0.037 0.021
13 0.574 0.409 0.035 0.021
13 0.560 0.368 0.035 0.021
13 0.472 0.323 0.034 0.021
13 0.513 0.417 0.046 0.025
13 0.412 0.551 0.022 0.016