18 0.476 0.724 0.025 0.022
18 0.581 0.637 0.033 0.058
18 0.612 0.557 0.034 0.061
18 0.604 0.651 0.020 0.025
18 0.634 0.609 0.020 0.030
18 0.667 0.583 0.014 0.021
18 0.654 0.549 0.024 0.041
18 0.657 0.480 0.021 0.043
18 0.677 0.458 0.020 0.034
18 0.654 0.422 0.018 0.031
18 0.399 0.423 0.019 0.034
18 0.432 0.418 0.019 0.029
18 0.399 0.284 0.016 0.022
18 0.434 0.295 0.010 0.015
18 0.414 0.338 0.024 0.041
18 0.443 0.318 0.022 0.031
18 0.454 0.349 0.039 0.070
18 0.466 0.363 0.024 0.041
18 0.642 0.282 0.018 0.033
0 0.342 0.410 0.461 0.532
0 0.682 0.550 0.465 0.520