11 0.396 0.714 0.565 0.359
11 0.314 0.540 0.394 0.275
11 0.241 0.374 0.244 0.204
11 0.176 0.244 0.115 0.102
11 0.077 0.117 0.130 0.039
13 0.043 0.088 0.019 0.039
13 0.027 0.029 0.029 0.024
18 0.088 0.682 0.021 0.005
18 0.089 0.696 0.015 0.006
18 0.083 0.450 0.021 0.007
13 0.124 0.104 0.035 0.015
13 0.110 0.128 0.033 0.011
13 0.132 0.248 0.021 0.024
13 0.142 0.239 0.022 0.030
13 0.157 0.230 0.019 0.025
13 0.142 0.386 0.016 0.022
13 0.224 0.352 0.024 0.028
13 0.256 0.333 0.024 0.035
13 0.271 0.322 0.029 0.039
13 0.290 0.318 0.028 0.040
13 0.326 0.294 0.030 0.045
13 0.167 0.438 0.029 0.041
13 0.232 0.401 0.024 0.034
13 0.282 0.382 0.021 0.029
13 0.312 0.363 0.028 0.039
13 0.330 0.356 0.025 0.031
13 0.348 0.347 0.026 0.050
13 0.126 0.620 0.019 0.033
13 0.162 0.591 0.029 0.039
13 0.218 0.563 0.029 0.044
13 0.253 0.542 0.030 0.037
13 0.292 0.520 0.028 0.048
13 0.312 0.507 0.037 0.055
13 0.417 0.451 0.035 0.048
13 0.378 0.474 0.037 0.055
13 0.357 0.486 0.037 0.055
13 0.334 0.491 0.036 0.059
13 0.494 0.487 0.037 0.055
13 0.466 0.429 0.037 0.059
13 0.449 0.511 0.035 0.055
13 0.401 0.526 0.019 0.026
13 0.363 0.555 0.031 0.048
13 0.323 0.575 0.026 0.037
13 0.284 0.597 0.033 0.051
13 0.150 0.661 0.025 0.035
13 0.187 0.646 0.031 0.045
13 0.228 0.624 0.025 0.033
13 0.149 0.812 0.015 0.022
13 0.189 0.797 0.024 0.035
13 0.246 0.764 0.020 0.030
13 0.210 0.785 0.022 0.030
13 0.224 0.829 0.024 0.035
13 0.189 0.851 0.025 0.040
13 0.368 0.759 0.026 0.037
13 0.354 0.703 0.022 0.034
13 0.351 0.764 0.020 0.028
13 0.314 0.786 0.029 0.043
13 0.279 0.801 0.026 0.034
13 0.422 0.729 0.028 0.041
13 0.388 0.749 0.028 0.040
13 0.438 0.719 0.026 0.041
13 0.451 0.656 0.028 0.041
13 0.535 0.676 0.030 0.046
13 0.495 0.689 0.025 0.039
13 0.473 0.701 0.021 0.034
13 0.524 0.616 0.026 0.036
13 0.473 0.646 0.026 0.035
13 0.547 0.661 0.024 0.039
13 0.589 0.644 0.030 0.043
13 0.561 0.597 0.022 0.026
13 0.584 0.587 0.028 0.044
13 0.625 0.626 0.025 0.034
13 0.624 0.567 0.022 0.039
13 0.661 0.572 0.051 0.076
13 0.652 0.619 0.031 0.050
13 0.512 0.684 0.029 0.043
13 0.162 0.647 0.016 0.024
13 0.179 0.589 0.022 0.037
13 0.201 0.575 0.022 0.028
13 0.468 0.495 0.026 0.040
13 0.208 0.354 0.021 0.034
13 0.192 0.369 0.021 0.031
13 0.177 0.377 0.028 0.041
13 0.185 0.431 0.030 0.039
13 0.247 0.396 0.026 0.040
13 0.185 0.216 0.020 0.030
13 0.199 0.214 0.021 0.030
13 0.221 0.207 0.019 0.031
13 0.177 0.273 0.020 0.029
13 0.193 0.266 0.022 0.030
13 0.205 0.258 0.020 0.026
13 0.052 0.213 0.070 0.024
13 0.086 0.174 0.026 0.013
13 0.071 0.233 0.043 0.016
13 0.028 0.231 0.030 0.011
13 0.078 0.321 0.029 0.013
13 0.083 0.427 0.035 0.011
13 0.077 0.563 0.059 0.021
13 0.024 0.561 0.046 0.020
13 0.079 0.598 0.050 0.019
13 0.084 0.626 0.046 0.018
13 0.074 0.659 0.050 0.016
13 0.080 0.730 0.040 0.013
13 0.073 0.868 0.014 0.033
13 0.086 0.864 0.019 0.029