11 0.642 0.462 0.623 0.254
11 0.479 0.144 0.855 0.286
13 0.356 0.488 0.050 0.079
13 0.415 0.482 0.035 0.119
13 0.461 0.486 0.037 0.136
13 0.517 0.481 0.039 0.111
13 0.563 0.482 0.029 0.090
13 0.610 0.476 0.040 0.113
13 0.662 0.479 0.029 0.099
13 0.707 0.481 0.026 0.092
13 0.760 0.468 0.035 0.117
13 0.810 0.470 0.035 0.107
13 0.861 0.472 0.033 0.095
13 0.862 0.359 0.021 0.054
13 0.897 0.384 0.016 0.022
13 0.901 0.417 0.020 0.024
13 0.901 0.453 0.020 0.024
13 0.897 0.273 0.019 0.018
13 0.896 0.256 0.026 0.030
13 0.897 0.238 0.014 0.021
13 0.894 0.202 0.019 0.021
13 0.884 0.182 0.015 0.026
13 0.866 0.033 0.015 0.026
13 0.836 0.200 0.022 0.075
13 0.795 0.193 0.020 0.058
13 0.759 0.194 0.026 0.062
13 0.716 0.201 0.020 0.085
13 0.679 0.187 0.019 0.056
13 0.637 0.203 0.026 0.087
13 0.558 0.199 0.029 0.074
13 0.516 0.199 0.028 0.069
13 0.484 0.203 0.033 0.084
13 0.439 0.194 0.028 0.069
13 0.397 0.211 0.034 0.102
13 0.351 0.209 0.034 0.102
13 0.300 0.206 0.028 0.081
13 0.257 0.211 0.029 0.105
13 0.216 0.214 0.035 0.110
13 0.166 0.219 0.035 0.117
13 0.120 0.210 0.028 0.090
13 0.068 0.171 0.033 0.154
13 0.119 0.090 0.026 0.087
13 0.171 0.095 0.034 0.085
13 0.210 0.098 0.022 0.080
13 0.266 0.107 0.026 0.064
13 0.302 0.098 0.030 0.083
13 0.343 0.096 0.031 0.085
13 0.385 0.099 0.025 0.077
13 0.429 0.099 0.030 0.085
13 0.472 0.098 0.030 0.081
13 0.517 0.104 0.026 0.080
13 0.564 0.098 0.029 0.077
13 0.607 0.104 0.024 0.075
13 0.653 0.099 0.019 0.079
13 0.696 0.101 0.028 0.079
13 0.747 0.107 0.019 0.062
13 0.787 0.103 0.028 0.084
13 0.833 0.099 0.035 0.091
13 0.807 0.134 0.011 0.022