11 0.386 0.306 0.240 0.609
11 0.679 0.294 0.233 0.585
13 0.973 0.509 0.026 0.020
13 0.891 0.667 0.037 0.011
13 0.905 0.811 0.033 0.019
13 0.917 0.934 0.037 0.019
13 0.338 0.560 0.070 0.022
13 0.737 0.374 0.049 0.016
13 0.609 0.424 0.054 0.019
13 0.481 0.420 0.049 0.015
13 0.316 0.366 0.034 0.016
13 0.320 0.433 0.043 0.019
13 0.326 0.483 0.054 0.021
13 0.328 0.507 0.059 0.022
13 0.363 0.598 0.066 0.021
13 0.334 0.533 0.066 0.021
13 0.743 0.421 0.029 0.013
13 0.603 0.295 0.028 0.013
13 0.606 0.325 0.039 0.013
13 0.602 0.344 0.034 0.018
13 0.593 0.450 0.050 0.015
13 0.784 0.476 0.013 0.035
13 0.736 0.354 0.040 0.014
13 0.784 0.391 0.019 0.062
13 0.433 0.438 0.029 0.015
13 0.422 0.369 0.035 0.018
13 0.427 0.386 0.031 0.014
13 0.432 0.455 0.025 0.010
13 0.461 0.234 0.026 0.011
13 0.462 0.246 0.021 0.010