10 0.512 0.497 0.838 0.378
18 0.117 0.219 0.040 0.010
18 0.240 0.216 0.033 0.014
18 0.307 0.216 0.030 0.014
18 0.797 0.205 0.028 0.015
18 0.852 0.204 0.031 0.011
18 0.873 0.265 0.039 0.018
18 0.470 0.762 0.025 0.011
18 0.584 0.759 0.025 0.011
18 0.642 0.761 0.028 0.011
18 0.729 0.760 0.026 0.015
18 0.809 0.757 0.028 0.015
18 0.942 0.757 0.051 0.015
18 0.117 0.806 0.037 0.013
18 0.643 0.776 0.029 0.010
18 0.688 0.802 0.026 0.013
18 0.715 0.804 0.022 0.016
18 0.904 0.799 0.046 0.020
18 0.497 0.958 0.014 0.029
18 0.396 0.843 0.029 0.013
18 0.477 0.836 0.025 0.015
18 0.369 0.816 0.026 0.014
18 0.013 0.791 0.024 0.016
18 0.292 0.942 0.026 0.014