11 0.721 0.091 0.422 0.179
11 0.722 0.403 0.471 0.251
11 0.726 0.786 0.484 0.276
13 0.554 0.083 0.086 0.107
13 0.613 0.089 0.079 0.102
13 0.715 0.094 0.080 0.107
13 0.772 0.100 0.086 0.115
13 0.826 0.113 0.106 0.122
13 0.876 0.126 0.068 0.074
13 0.541 0.339 0.079 0.113
13 0.598 0.343 0.070 0.099
13 0.648 0.346 0.064 0.086
13 0.807 0.344 0.086 0.107
13 0.704 0.364 0.025 0.037
13 0.902 0.341 0.056 0.074
13 0.537 0.460 0.083 0.128
13 0.598 0.459 0.074 0.102
13 0.643 0.459 0.074 0.102
13 0.697 0.454 0.069 0.094
13 0.748 0.459 0.084 0.114
13 0.807 0.458 0.065 0.077
13 0.861 0.458 0.079 0.100
13 0.890 0.482 0.052 0.061
13 0.552 0.742 0.085 0.109
13 0.599 0.732 0.085 0.109
13 0.649 0.723 0.094 0.114
13 0.719 0.738 0.060 0.085
13 0.764 0.726 0.076 0.094
13 0.818 0.721 0.079 0.083
13 0.872 0.715 0.071 0.077
13 0.903 0.696 0.059 0.065
13 0.553 0.862 0.086 0.119
13 0.616 0.848 0.066 0.101
13 0.661 0.859 0.094 0.128
13 0.721 0.842 0.071 0.106
13 0.770 0.843 0.070 0.110
13 0.826 0.828 0.059 0.086
13 0.878 0.832 0.066 0.086