11 0.323 0.623 0.524 0.305
13 0.216 0.187 0.044 0.031
13 0.283 0.224 0.041 0.029
13 0.386 0.251 0.014 0.009
13 0.407 0.263 0.014 0.010
13 0.166 0.278 0.034 0.037
13 0.341 0.258 0.018 0.029
13 0.447 0.283 0.026 0.016
13 0.476 0.302 0.010 0.006
13 0.416 0.381 0.060 0.043
13 0.201 0.307 0.020 0.029
13 0.217 0.312 0.016 0.031
13 0.245 0.329 0.020 0.030
13 0.259 0.338 0.021 0.031
13 0.272 0.345 0.021 0.030
13 0.316 0.367 0.021 0.033
13 0.359 0.393 0.018 0.030
13 0.371 0.401 0.020 0.030
13 0.400 0.417 0.018 0.026
13 0.414 0.424 0.018 0.026
13 0.441 0.438 0.019 0.026
13 0.534 0.453 0.060 0.039
13 0.599 0.483 0.071 0.049
13 0.676 0.450 0.019 0.030
13 0.634 0.426 0.019 0.024
13 0.647 0.430 0.020 0.030
13 0.599 0.403 0.014 0.024
13 0.559 0.386 0.014 0.022
13 0.576 0.388 0.014 0.025
13 0.586 0.399 0.019 0.025
13 0.523 0.362 0.019 0.028
13 0.512 0.356 0.010 0.022
13 0.577 0.359 0.014 0.009
13 0.608 0.370 0.021 0.020
13 0.463 0.329 0.016 0.029
13 0.501 0.346 0.013 0.028
13 0.476 0.333 0.019 0.029
13 0.438 0.312 0.016 0.028
13 0.426 0.307 0.018 0.029
13 0.403 0.294 0.016 0.024
13 0.379 0.279 0.015 0.021
13 0.353 0.265 0.019 0.025
13 0.486 0.464 0.018 0.025
13 0.499 0.472 0.018 0.029
13 0.512 0.478 0.020 0.031
13 0.525 0.489 0.022 0.029
13 0.542 0.496 0.019 0.029
13 0.574 0.510 0.018 0.022
13 0.597 0.530 0.021 0.033
13 0.237 0.411 0.061 0.040
13 0.189 0.383 0.036 0.030
13 0.128 0.395 0.020 0.035
13 0.146 0.407 0.022 0.031
13 0.174 0.424 0.029 0.040
13 0.195 0.426 0.022 0.034
13 0.207 0.439 0.021 0.039
13 0.251 0.467 0.028 0.041
13 0.266 0.474 0.022 0.041
13 0.283 0.477 0.014 0.020
13 0.297 0.492 0.026 0.036
13 0.221 0.561 0.028 0.021
13 0.092 0.486 0.034 0.025
13 0.144 0.534 0.018 0.011
13 0.089 0.504 0.015 0.009
13 0.182 0.536 0.034 0.022
13 0.342 0.519 0.019 0.030
13 0.359 0.526 0.022 0.036
13 0.374 0.534 0.018 0.034
13 0.391 0.546 0.020 0.029
13 0.417 0.562 0.025 0.040
13 0.279 0.613 0.018 0.010
13 0.318 0.616 0.022 0.016
13 0.325 0.641 0.025 0.019
13 0.354 0.635 0.026 0.015
13 0.386 0.652 0.030 0.020
13 0.422 0.671 0.029 0.020
13 0.494 0.560 0.030 0.020
13 0.448 0.578 0.029 0.040
13 0.481 0.596 0.024 0.036
13 0.504 0.622 0.041 0.059
13 0.537 0.632 0.036 0.048
13 0.559 0.632 0.019 0.030
13 0.566 0.653 0.041 0.049
13 0.613 0.608 0.016 0.024
13 0.364 0.273 0.016 0.028
13 0.389 0.286 0.016 0.024
13 0.414 0.300 0.020 0.030
13 0.316 0.209 0.021 0.033
13 0.490 0.339 0.020 0.024
13 0.611 0.411 0.019 0.024
13 0.657 0.440 0.015 0.028
13 0.554 0.507 0.020 0.031
13 0.584 0.521 0.022 0.033
13 0.611 0.538 0.024 0.036
13 0.176 0.048 0.034 0.071
13 0.184 0.292 0.022 0.028
13 0.287 0.354 0.020 0.029
13 0.302 0.359 0.020 0.029
13 0.161 0.413 0.021 0.031
13 0.221 0.447 0.016 0.024
13 0.313 0.499 0.021 0.031
11 0.428 0.455 0.649 0.445
13 0.734 0.861 0.019 0.030
13 0.715 0.853 0.018 0.022
13 0.669 0.849 0.016 0.034
13 0.608 0.734 0.033 0.028
13 0.660 0.686 0.030 0.021
13 0.713 0.747 0.015 0.024
13 0.732 0.752 0.021 0.029
13 0.753 0.762 0.016 0.022
13 0.879 0.805 0.016 0.015
13 0.993 0.644 0.020 0.033
13 0.969 0.591 0.019 0.033
13 0.970 0.636 0.025 0.044
13 0.951 0.629 0.022 0.045
13 0.935 0.627 0.018 0.028
13 0.894 0.417 0.026 0.035
13 0.834 0.379 0.014 0.030
13 0.811 0.373 0.015 0.036
13 0.780 0.347 0.010 0.033
13 0.757 0.336 0.015 0.033
13 0.716 0.314 0.014 0.030
13 0.690 0.303 0.015 0.034
13 0.666 0.289 0.014 0.036
13 0.629 0.268 0.019 0.033