11 0.085 0.174 0.168 0.175
11 0.079 0.016 0.090 0.030
11 0.218 0.022 0.086 0.041
11 0.324 0.022 0.049 0.043
11 0.427 0.029 0.059 0.056
11 0.527 0.039 0.059 0.072
11 0.605 0.107 0.052 0.064
11 0.655 0.201 0.035 0.072
11 0.690 0.294 0.048 0.064
11 0.721 0.404 0.031 0.051
11 0.779 0.504 0.041 0.059
11 0.894 0.648 0.048 0.044
11 0.662 0.934 0.066 0.055
11 0.911 0.904 0.070 0.068
11 0.251 0.263 0.310 0.244
11 0.406 0.404 0.361 0.300
11 0.596 0.663 0.325 0.356
13 0.681 0.927 0.037 0.049
13 0.664 0.954 0.018 0.021
13 0.901 0.900 0.039 0.050
13 0.586 0.789 0.104 0.081
13 0.596 0.834 0.018 0.015
13 0.606 0.766 0.102 0.076
13 0.659 0.714 0.094 0.070
13 0.684 0.687 0.092 0.074
13 0.698 0.656 0.080 0.069
13 0.474 0.694 0.076 0.070
13 0.510 0.681 0.065 0.081
13 0.555 0.632 0.062 0.079
13 0.603 0.591 0.055 0.074
13 0.622 0.561 0.061 0.094
13 0.647 0.546 0.054 0.080
13 0.310 0.441 0.060 0.060
13 0.295 0.476 0.022 0.021
13 0.372 0.504 0.060 0.060
13 0.398 0.486 0.064 0.069
13 0.329 0.424 0.052 0.058
13 0.362 0.412 0.026 0.025
13 0.368 0.386 0.049 0.054
13 0.417 0.461 0.059 0.065
13 0.446 0.448 0.062 0.062
13 0.463 0.424 0.054 0.059
13 0.408 0.345 0.051 0.058
13 0.425 0.325 0.058 0.055
13 0.447 0.311 0.054 0.060
13 0.474 0.296 0.043 0.045
13 0.532 0.361 0.070 0.080
13 0.121 0.186 0.099 0.087
13 0.128 0.307 0.028 0.031
13 0.102 0.316 0.022 0.022
13 0.072 0.282 0.028 0.028
13 0.146 0.361 0.048 0.041
13 0.161 0.338 0.040 0.039
13 0.181 0.323 0.034 0.036
13 0.201 0.306 0.049 0.046
13 0.219 0.289 0.048 0.049
13 0.236 0.269 0.041 0.039
13 0.274 0.237 0.046 0.049
13 0.289 0.217 0.045 0.049
13 0.309 0.200 0.045 0.043
13 0.336 0.199 0.025 0.028
13 0.364 0.179 0.064 0.026
13 0.402 0.183 0.009 0.016
13 0.016 0.216 0.030 0.037
13 0.028 0.202 0.040 0.041
13 0.047 0.246 0.019 0.025
13 0.045 0.186 0.037 0.041
13 0.062 0.171 0.026 0.026
13 0.076 0.150 0.030 0.033
13 0.096 0.142 0.031 0.029
13 0.114 0.124 0.033 0.037
13 0.132 0.105 0.039 0.037
13 0.251 0.179 0.071 0.071
13 0.061 0.023 0.045 0.014
13 0.189 0.040 0.026 0.010
13 0.308 0.018 0.016 0.033
13 0.411 0.029 0.016 0.036
13 0.667 0.278 0.016 0.011