11 0.226 0.189 0.168 0.069
11 0.247 0.639 0.160 0.130
11 0.229 0.864 0.241 0.086
11 0.749 0.429 0.159 0.203
11 0.247 0.050 0.117 0.098
11 0.459 0.038 0.014 0.074
13 0.277 0.197 0.061 0.024
13 0.682 0.397 0.021 0.064
13 0.764 0.370 0.033 0.090
13 0.804 0.390 0.019 0.058
13 0.678 0.473 0.026 0.066
13 0.717 0.491 0.029 0.085
13 0.758 0.495 0.029 0.068
13 0.292 0.587 0.072 0.029
13 0.255 0.624 0.077 0.034
13 0.249 0.660 0.065 0.030
13 0.226 0.685 0.069 0.035
13 0.223 0.877 0.064 0.030
13 0.307 0.889 0.083 0.040