11 0.068 0.346 0.091 0.531
11 0.546 0.262 0.158 0.451
11 0.825 0.324 0.285 0.519
13 0.196 0.172 0.056 0.193
13 0.256 0.166 0.061 0.190
13 0.311 0.177 0.055 0.195
13 0.381 0.148 0.051 0.146
13 0.444 0.144 0.058 0.136
13 0.070 0.301 0.030 0.099
13 0.058 0.563 0.024 0.074
13 0.092 0.563 0.037 0.079
13 0.509 0.177 0.080 0.269
13 0.564 0.236 0.036 0.111
13 0.543 0.432 0.054 0.107
13 0.868 0.121 0.065 0.059
13 0.815 0.211 0.100 0.084
13 0.812 0.278 0.109 0.104
13 0.859 0.399 0.211 0.193
13 0.812 0.446 0.160 0.126
13 0.792 0.514 0.165 0.146