11 0.902 0.621 0.174 0.426
11 0.746 0.557 0.149 0.329
11 0.569 0.556 0.165 0.465
11 0.383 0.482 0.172 0.360
11 0.128 0.478 0.194 0.449
13 0.408 0.669 0.024 0.014
13 0.618 0.414 0.046 0.019
13 0.101 0.268 0.054 0.024
13 0.078 0.381 0.046 0.022
13 0.169 0.326 0.061 0.024
13 0.139 0.484 0.072 0.030
13 0.149 0.422 0.066 0.026
13 0.381 0.359 0.030 0.014
13 0.398 0.591 0.045 0.015
13 0.902 0.728 0.066 0.029
13 0.882 0.506 0.034 0.014
13 0.941 0.423 0.065 0.031
13 0.956 0.454 0.062 0.031
13 0.909 0.670 0.056 0.025
13 0.866 0.578 0.035 0.034
13 0.946 0.509 0.061 0.030
13 0.916 0.610 0.045 0.020
13 0.929 0.587 0.052 0.021
13 0.841 0.717 0.031 0.016
13 0.748 0.452 0.030 0.016
13 0.786 0.483 0.033 0.016
13 0.792 0.461 0.025 0.010
13 0.769 0.566 0.036 0.015
13 0.695 0.657 0.035 0.021
13 0.719 0.578 0.030 0.020
13 0.781 0.526 0.026 0.015
13 0.538 0.521 0.041 0.019
13 0.551 0.423 0.052 0.021
13 0.443 0.372 0.052 0.022
13 0.372 0.392 0.055 0.024
13 0.597 0.534 0.044 0.020
13 0.578 0.632 0.041 0.020
13 0.564 0.680 0.036 0.018
13 0.516 0.637 0.037 0.018
13 0.529 0.571 0.043 0.022
13 0.565 0.374 0.035 0.016
13 0.577 0.341 0.049 0.037
13 0.635 0.364 0.037 0.020
13 0.349 0.496 0.056 0.021
13 0.339 0.548 0.052 0.021
13 0.333 0.575 0.060 0.022
13 0.407 0.546 0.036 0.016
13 0.344 0.522 0.052 0.021
13 0.352 0.467 0.056 0.021
13 0.369 0.416 0.055 0.024
13 0.139 0.514 0.075 0.031
13 0.131 0.546 0.064 0.028
13 0.357 0.441 0.061 0.026
13 0.755 0.629 0.035 0.018
13 0.144 0.450 0.054 0.025
13 0.167 0.362 0.061 0.022
13 0.076 0.409 0.052 0.022
13 0.066 0.436 0.046 0.020
13 0.091 0.292 0.068 0.030
13 0.093 0.323 0.054 0.025
13 0.548 0.446 0.044 0.018
13 0.723 0.532 0.035 0.018
13 0.881 0.527 0.034 0.019
13 0.939 0.535 0.059 0.030
13 0.933 0.562 0.051 0.024
13 0.590 0.557 0.045 0.018
13 0.589 0.582 0.030 0.016
13 0.432 0.319 0.079 0.031
13 0.436 0.399 0.046 0.022
13 0.327 0.598 0.046 0.020
13 0.312 0.621 0.039 0.020
13 0.395 0.641 0.030 0.019
13 0.629 0.388 0.045 0.018
13 0.618 0.434 0.045 0.021
13 0.611 0.460 0.043 0.020
13 0.748 0.651 0.039 0.021
13 0.743 0.671 0.037 0.019
13 0.604 0.510 0.039 0.020