13 0.867 0.828 0.031 0.068
13 0.579 0.565 0.058 0.030
13 0.817 0.671 0.054 0.028
13 0.739 0.468 0.040 0.028
13 0.817 0.514 0.061 0.026
13 0.744 0.516 0.045 0.022
13 0.803 0.339 0.111 0.044
13 0.814 0.432 0.079 0.033
13 0.741 0.709 0.044 0.019
13 0.595 0.149 0.062 0.028
13 0.480 0.137 0.018 0.041
13 0.733 0.755 0.031 0.013
18 0.281 0.564 0.044 0.041
18 0.414 0.463 0.055 0.024
18 0.328 0.397 0.041 0.059
18 0.182 0.568 0.024 0.048
18 0.254 0.396 0.030 0.045
18 0.213 0.711 0.064 0.020
18 0.038 0.674 0.024 0.068
18 0.066 0.411 0.020 0.051
18 0.083 0.216 0.020 0.050
18 0.248 0.276 0.069 0.056
18 0.174 0.116 0.020 0.046
13 0.708 0.803 0.018 0.026
13 0.710 0.902 0.025 0.044
11 0.728 0.618 0.360 0.624
13 0.741 0.551 0.050 0.026
13 0.825 0.714 0.055 0.028
18 0.129 0.500 0.026 0.060