11 0.662 0.187 0.138 0.296
11 0.554 0.234 0.166 0.258
11 0.363 0.347 0.154 0.401
13 0.445 0.767 0.050 0.045
13 0.009 0.788 0.015 0.021
11 0.228 0.166 0.060 0.142
11 0.096 0.313 0.160 0.346
13 0.349 0.389 0.114 0.036
13 0.359 0.456 0.101 0.035
13 0.355 0.523 0.133 0.046
13 0.502 0.254 0.028 0.055
13 0.524 0.340 0.022 0.037
13 0.346 0.329 0.081 0.037
13 0.334 0.291 0.091 0.029
13 0.333 0.237 0.060 0.020
13 0.411 0.191 0.029 0.045
13 0.112 0.441 0.044 0.090
13 0.052 0.432 0.040 0.094
13 0.061 0.342 0.081 0.084
13 0.142 0.324 0.031 0.061
13 0.081 0.271 0.068 0.026
13 0.088 0.229 0.066 0.040
13 0.099 0.182 0.064 0.028
13 0.692 0.304 0.089 0.037
13 0.557 0.288 0.043 0.104
13 0.611 0.290 0.054 0.107
13 0.688 0.253 0.087 0.035
13 0.673 0.210 0.071 0.030
13 0.674 0.168 0.111 0.045
13 0.651 0.127 0.074 0.036
13 0.586 0.175 0.029 0.072
13 0.484 0.172 0.025 0.050
13 0.530 0.146 0.058 0.080
13 0.159 0.244 0.037 0.069
13 0.319 0.201 0.061 0.025
13 0.317 0.157 0.059 0.019
13 0.207 0.194 0.022 0.037
13 0.231 0.218 0.010 0.029
13 0.237 0.189 0.016 0.026
13 0.251 0.141 0.015 0.021