15 0.194 0.687 0.051 0.051
15 0.227 0.743 0.051 0.051
15 0.327 0.743 0.054 0.051
15 0.427 0.742 0.052 0.054
15 0.261 0.651 0.075 0.072
15 0.376 0.660 0.084 0.085
15 0.462 0.642 0.051 0.052
15 0.516 0.746 0.050 0.051
15 0.176 0.952 0.074 0.074
15 0.269 0.959 0.068 0.071
15 0.349 0.923 0.068 0.071
15 0.455 0.897 0.075 0.077
15 0.412 0.966 0.049 0.051
15 0.549 0.927 0.075 0.077
13 0.911 0.642 0.113 0.206
13 0.713 0.570 0.069 0.107
13 0.757 0.716 0.126 0.083
11 0.799 0.676 0.341 0.276
15 0.371 0.796 0.029 0.034
15 0.404 0.796 0.029 0.031
15 0.431 0.788 0.016 0.019
15 0.023 0.152 0.044 0.054