4 0.324 0.364 0.147 0.154
4 0.868 0.356 0.138 0.142
4 0.318 0.752 0.146 0.139
4 0.841 0.728 0.188 0.191
16 0.296 0.156 0.048 0.100
16 0.369 0.156 0.048 0.100
16 0.441 0.154 0.046 0.100
16 0.512 0.154 0.049 0.101
16 0.583 0.152 0.045 0.100
16 0.656 0.153 0.049 0.101
16 0.726 0.150 0.045 0.102
18 0.135 0.073 0.010 0.019
18 0.010 0.069 0.013 0.019
18 0.019 0.313 0.009 0.019
18 0.029 0.311 0.011 0.019
18 0.048 0.311 0.014 0.019
18 0.117 0.395 0.010 0.020
18 0.139 0.393 0.011 0.019
18 0.231 0.252 0.025 0.014
18 0.169 0.553 0.024 0.011
18 0.170 0.534 0.022 0.011
18 0.098 0.624 0.014 0.019
18 0.111 0.704 0.011 0.024
18 0.016 0.738 0.022 0.010
18 0.015 0.749 0.022 0.010
18 0.069 0.726 0.022 0.011
18 0.068 0.748 0.026 0.011
18 0.152 0.841 0.024 0.011
18 0.152 0.851 0.022 0.010
18 0.152 0.861 0.022 0.010
18 0.625 0.789 0.028 0.014
18 0.834 0.880 0.014 0.025
18 0.959 0.745 0.025 0.010
18 0.959 0.759 0.026 0.011
18 0.878 0.876 0.011 0.021
18 0.891 0.876 0.015 0.019
18 0.963 0.534 0.014 0.026
18 0.993 0.305 0.013 0.022
18 0.922 0.066 0.024 0.010
18 0.862 0.146 0.019 0.010
18 0.994 0.056 0.013 0.021
16 0.799 0.152 0.052 0.106