11 0.749 0.618 0.438 0.764
11 0.231 0.535 0.330 0.910
13 0.134 0.136 0.131 0.055
13 0.293 0.109 0.111 0.060
13 0.143 0.188 0.129 0.048
13 0.314 0.169 0.133 0.048
13 0.156 0.251 0.128 0.035
13 0.313 0.237 0.114 0.041
13 0.169 0.299 0.109 0.044
13 0.316 0.289 0.124 0.040
13 0.164 0.356 0.104 0.031
13 0.306 0.340 0.111 0.033
13 0.172 0.406 0.094 0.034
13 0.308 0.388 0.099 0.030
13 0.180 0.453 0.105 0.029
13 0.313 0.441 0.104 0.036
13 0.185 0.500 0.100 0.037
13 0.331 0.485 0.109 0.035
13 0.187 0.551 0.091 0.031
13 0.327 0.537 0.091 0.034
13 0.197 0.596 0.099 0.035
13 0.336 0.582 0.102 0.036
13 0.340 0.632 0.102 0.040
13 0.341 0.679 0.089 0.033
13 0.224 0.731 0.089 0.043
13 0.336 0.723 0.083 0.033
13 0.217 0.777 0.084 0.037
13 0.346 0.766 0.099 0.036
13 0.223 0.823 0.089 0.040
13 0.347 0.810 0.091 0.033
13 0.233 0.867 0.079 0.026
13 0.352 0.856 0.089 0.028
13 0.350 0.901 0.085 0.029
13 0.236 0.911 0.085 0.029
13 0.237 0.945 0.070 0.028
13 0.356 0.932 0.070 0.028
13 0.745 0.259 0.135 0.054
13 0.899 0.311 0.130 0.065
13 0.881 0.356 0.130 0.065
13 0.876 0.417 0.130 0.065
13 0.853 0.469 0.121 0.054
13 0.833 0.521 0.105 0.049
13 0.824 0.567 0.105 0.049
13 0.795 0.617 0.105 0.049
13 0.784 0.658 0.105 0.049
13 0.766 0.700 0.081 0.045
13 0.756 0.741 0.072 0.037
13 0.744 0.793 0.094 0.049
13 0.716 0.876 0.094 0.049
13 0.697 0.912 0.081 0.041
13 0.688 0.953 0.081 0.041
13 0.672 0.981 0.068 0.039
13 0.731 0.318 0.130 0.059
13 0.714 0.381 0.114 0.050
13 0.692 0.422 0.114 0.050
13 0.689 0.475 0.114 0.050
13 0.682 0.525 0.114 0.050
13 0.681 0.580 0.114 0.050
13 0.656 0.667 0.109 0.036
13 0.641 0.711 0.084 0.039
13 0.617 0.747 0.084 0.039
13 0.611 0.794 0.084 0.039
13 0.601 0.838 0.084 0.039
13 0.592 0.878 0.084 0.039
13 0.574 0.917 0.084 0.039
13 0.571 0.957 0.084 0.039