11 0.707 0.215 0.586 0.217
11 0.551 0.507 0.895 0.311
11 0.704 0.841 0.593 0.268
13 0.141 0.494 0.031 0.091
13 0.253 0.471 0.040 0.106
13 0.400 0.466 0.035 0.080
13 0.266 0.598 0.036 0.095
13 0.379 0.573 0.030 0.105
13 0.458 0.550 0.028 0.072
13 0.492 0.546 0.028 0.076
13 0.451 0.181 0.028 0.087
13 0.470 0.279 0.028 0.083
13 0.540 0.274 0.048 0.096
13 0.514 0.176 0.036 0.070
13 0.553 0.170 0.029 0.058
13 0.582 0.162 0.026 0.071
13 0.648 0.149 0.029 0.061
13 0.632 0.251 0.040 0.087
13 0.671 0.230 0.019 0.068
13 0.744 0.228 0.045 0.096
13 0.463 0.824 0.026 0.064
13 0.782 0.907 0.049 0.141
13 0.854 0.900 0.041 0.113
13 0.918 0.779 0.041 0.114