11 0.443 0.482 0.166 0.484
13 0.397 0.147 0.049 0.024
11 0.251 0.494 0.177 0.367
13 0.077 0.456 0.059 0.020
13 0.071 0.518 0.056 0.031
11 0.037 0.024 0.071 0.030
13 0.196 0.546 0.068 0.029
13 0.224 0.576 0.045 0.015
13 0.422 0.514 0.101 0.037
13 0.424 0.469 0.062 0.024
13 0.279 0.463 0.065 0.024
13 0.216 0.505 0.048 0.020
13 0.203 0.444 0.055 0.025
13 0.274 0.431 0.064 0.025
13 0.258 0.370 0.050 0.018
13 0.200 0.383 0.040 0.021
13 0.403 0.346 0.062 0.020
13 0.044 0.231 0.080 0.021
13 0.028 0.263 0.043 0.016
13 0.038 0.321 0.061 0.024
13 0.044 0.356 0.074 0.025
13 0.244 0.333 0.037 0.020
13 0.298 0.494 0.086 0.035
13 0.209 0.470 0.045 0.022
13 0.297 0.530 0.080 0.033
13 0.298 0.563 0.069 0.026
13 0.235 0.642 0.050 0.021
13 0.296 0.631 0.055 0.021
13 0.239 0.668 0.048 0.019
13 0.295 0.661 0.048 0.021
13 0.487 0.716 0.026 0.016
13 0.469 0.696 0.043 0.019
13 0.460 0.667 0.048 0.019
13 0.446 0.613 0.075 0.029
13 0.439 0.586 0.060 0.025
13 0.421 0.419 0.055 0.024
13 0.414 0.396 0.064 0.021
13 0.416 0.366 0.049 0.024
13 0.391 0.318 0.068 0.030
13 0.394 0.288 0.065 0.031