11 0.490 0.099 0.217 0.119
13 0.603 0.179 0.013 0.021
11 0.484 0.281 0.352 0.147
13 0.667 0.174 0.013 0.021
11 0.496 0.434 0.301 0.139
13 0.662 0.386 0.020 0.049
13 0.677 0.460 0.026 0.065
13 0.698 0.578 0.015 0.033
13 0.733 0.714 0.034 0.054
11 0.517 0.581 0.314 0.129
11 0.557 0.703 0.302 0.133
11 0.581 0.812 0.325 0.126
13 0.360 0.273 0.018 0.049
13 0.419 0.263 0.021 0.046
13 0.461 0.253 0.021 0.048
13 0.526 0.242 0.021 0.046
13 0.563 0.231 0.021 0.046
13 0.618 0.283 0.021 0.046
13 0.489 0.304 0.021 0.046
13 0.484 0.247 0.019 0.043
13 0.608 0.230 0.020 0.037
13 0.467 0.111 0.036 0.016
13 0.464 0.134 0.022 0.011
13 0.573 0.151 0.055 0.019
13 0.546 0.297 0.021 0.046
13 0.349 0.333 0.020 0.043
13 0.368 0.325 0.014 0.033
13 0.386 0.320 0.021 0.037
13 0.402 0.318 0.016 0.040
13 0.420 0.318 0.022 0.039
13 0.512 0.299 0.015 0.028
13 0.323 0.309 0.029 0.072
13 0.643 0.276 0.019 0.049
13 0.652 0.331 0.019 0.049
13 0.368 0.433 0.019 0.044
13 0.407 0.428 0.019 0.044
13 0.423 0.427 0.019 0.044
13 0.439 0.421 0.019 0.044
13 0.513 0.404 0.019 0.044
13 0.599 0.387 0.019 0.044
13 0.357 0.481 0.019 0.044
13 0.378 0.481 0.019 0.044
13 0.449 0.471 0.019 0.044
13 0.484 0.462 0.019 0.044
13 0.505 0.459 0.020 0.040
13 0.539 0.448 0.020 0.040
13 0.415 0.476 0.020 0.040
13 0.468 0.468 0.020 0.040
13 0.583 0.391 0.016 0.033
13 0.639 0.383 0.016 0.033
13 0.629 0.434 0.016 0.033
13 0.608 0.436 0.016 0.033
13 0.592 0.440 0.016 0.033
13 0.576 0.444 0.016 0.033
13 0.556 0.450 0.016 0.033
13 0.669 0.531 0.016 0.026
13 0.653 0.537 0.016 0.026
13 0.567 0.552 0.016 0.026
13 0.582 0.543 0.016 0.026
13 0.618 0.546 0.016 0.026
13 0.611 0.588 0.016 0.024
13 0.576 0.594 0.016 0.026
13 0.558 0.596 0.016 0.026
13 0.474 0.616 0.016 0.026
13 0.399 0.586 0.015 0.030
13 0.487 0.611 0.015 0.030
13 0.456 0.710 0.015 0.030
13 0.608 0.680 0.015 0.030
13 0.574 0.686 0.015 0.030
13 0.613 0.720 0.010 0.028
13 0.703 0.704 0.015 0.030
13 0.477 0.749 0.015 0.030
13 0.446 0.751 0.015 0.030
13 0.641 0.675 0.015 0.030
13 0.659 0.667 0.015 0.033
13 0.432 0.580 0.016 0.033
13 0.464 0.570 0.016 0.033
13 0.481 0.565 0.016 0.033
13 0.498 0.564 0.016 0.033
13 0.514 0.560 0.016 0.033
13 0.541 0.600 0.016 0.033
13 0.508 0.608 0.016 0.033
13 0.439 0.623 0.016 0.033
13 0.642 0.581 0.016 0.033
13 0.524 0.604 0.016 0.033
13 0.534 0.554 0.018 0.044
13 0.549 0.558 0.011 0.024
13 0.372 0.590 0.029 0.050
13 0.658 0.575 0.011 0.022
13 0.473 0.708 0.016 0.033
13 0.692 0.657 0.019 0.037
13 0.423 0.714 0.019 0.037
13 0.523 0.736 0.014 0.026
13 0.641 0.716 0.014 0.026
13 0.671 0.709 0.010 0.025
13 0.718 0.774 0.011 0.021
13 0.670 0.785 0.010 0.018
13 0.655 0.786 0.010 0.022
13 0.640 0.791 0.013 0.021
13 0.626 0.794 0.011 0.020
13 0.610 0.795 0.010 0.020
13 0.489 0.819 0.013 0.021
13 0.519 0.814 0.011 0.019
13 0.551 0.729 0.010 0.022
13 0.539 0.687 0.010 0.021
13 0.559 0.693 0.010 0.018
13 0.674 0.666 0.011 0.021
13 0.584 0.729 0.010 0.021
13 0.590 0.682 0.015 0.030
13 0.565 0.728 0.013 0.022
13 0.598 0.753 0.014 0.019
13 0.462 0.749 0.011 0.021
13 0.733 0.774 0.016 0.044
13 0.446 0.827 0.011 0.019
13 0.550 0.809 0.013 0.020
13 0.596 0.798 0.011 0.019
13 0.476 0.858 0.089 0.034
13 0.589 0.836 0.099 0.031
13 0.609 0.858 0.056 0.028
13 0.493 0.412 0.016 0.036
13 0.476 0.414 0.014 0.024
13 0.461 0.421 0.013 0.022
13 0.381 0.269 0.021 0.043