11 0.936 0.704 0.129 0.206
11 0.227 0.454 0.419 0.829
13 0.404 0.812 0.065 0.072
13 0.376 0.747 0.061 0.049
13 0.341 0.701 0.061 0.049
13 0.354 0.729 0.055 0.037
13 0.249 0.586 0.056 0.048
13 0.245 0.672 0.035 0.040
13 0.279 0.718 0.037 0.045
13 0.326 0.782 0.054 0.064
13 0.316 0.684 0.040 0.036
13 0.207 0.509 0.068 0.055
13 0.234 0.557 0.060 0.045
13 0.306 0.654 0.056 0.045
13 0.283 0.632 0.066 0.046
13 0.077 0.331 0.016 0.040
13 0.136 0.360 0.058 0.028
13 0.213 0.540 0.051 0.040
13 0.174 0.494 0.035 0.029
13 0.149 0.551 0.056 0.074
13 0.089 0.471 0.052 0.062
13 0.154 0.447 0.062 0.059
13 0.198 0.618 0.049 0.060
13 0.130 0.331 0.052 0.021
13 0.071 0.276 0.016 0.045
13 0.131 0.304 0.055 0.022
13 0.122 0.427 0.039 0.034
13 0.148 0.389 0.059 0.021
13 0.083 0.378 0.014 0.036
13 0.107 0.158 0.048 0.019
13 0.074 0.054 0.052 0.016
13 0.065 0.220 0.020 0.035
13 0.106 0.132 0.054 0.019
13 0.117 0.271 0.045 0.019
13 0.124 0.246 0.065 0.024
13 0.117 0.212 0.051 0.020
13 0.121 0.188 0.069 0.022
13 0.091 0.076 0.041 0.018
13 0.055 0.171 0.018 0.049
13 0.049 0.104 0.020 0.066