11 0.434 0.329 0.516 0.115
11 0.508 0.192 0.359 0.139
13 0.201 0.326 0.055 0.021
13 0.272 0.319 0.071 0.026
13 0.254 0.356 0.052 0.021
13 0.318 0.351 0.045 0.018
13 0.343 0.316 0.061 0.024
13 0.403 0.315 0.052 0.025
13 0.481 0.309 0.075 0.025
13 0.549 0.307 0.045 0.019
13 0.609 0.301 0.076 0.024
13 0.379 0.348 0.044 0.016
13 0.445 0.344 0.058 0.022
13 0.507 0.341 0.046 0.019
13 0.570 0.377 0.068 0.021
13 0.634 0.374 0.056 0.024
13 0.605 0.279 0.068 0.014
13 0.396 0.218 0.100 0.029
13 0.371 0.174 0.081 0.026
13 0.469 0.170 0.105 0.028
13 0.476 0.224 0.014 0.039
13 0.505 0.247 0.052 0.020
13 0.594 0.247 0.102 0.031
13 0.620 0.164 0.060 0.021
13 0.197 0.357 0.019 0.011