18 0.739 0.447 0.016 0.044
18 0.650 0.402 0.020 0.056
18 0.562 0.376 0.020 0.046
18 0.345 0.834 0.020 0.030
18 0.419 0.700 0.015 0.048
18 0.251 0.578 0.014 0.034
18 0.314 0.646 0.013 0.046
18 0.349 0.571 0.013 0.044
18 0.295 0.522 0.013 0.034
18 0.334 0.521 0.018 0.048
18 0.364 0.456 0.016 0.043
18 0.318 0.454 0.014 0.031
18 0.326 0.404 0.014 0.036
18 0.380 0.362 0.015 0.039
18 0.273 0.296 0.018 0.044
18 0.304 0.328 0.014 0.035
18 0.350 0.253 0.015 0.043
18 0.392 0.286 0.019 0.049
18 0.365 0.309 0.010 0.031
18 0.321 0.347 0.018 0.041
12 0.460 0.139 0.025 0.024
12 0.586 0.162 0.019 0.021
12 0.526 0.154 0.061 0.036
0 0.678 0.541 0.454 0.704
0 0.286 0.540 0.359 0.805