11 0.738 0.152 0.519 0.139
11 0.562 0.451 0.676 0.249
11 0.569 0.782 0.601 0.326
13 0.906 0.529 0.055 0.070
13 0.551 0.149 0.147 0.058
13 0.929 0.195 0.138 0.052
13 0.455 0.495 0.045 0.100
13 0.534 0.504 0.050 0.139
13 0.708 0.497 0.029 0.072
13 0.759 0.492 0.029 0.072
13 0.833 0.475 0.060 0.022
13 0.961 0.381 0.056 0.025
13 0.823 0.647 0.068 0.036
13 0.795 0.679 0.068 0.037
13 0.787 0.725 0.077 0.043
13 0.754 0.757 0.111 0.065
13 0.746 0.811 0.079 0.043
13 0.736 0.853 0.061 0.045
13 0.696 0.902 0.085 0.035
13 0.555 0.852 0.105 0.046
13 0.492 0.802 0.045 0.089
13 0.438 0.789 0.039 0.070
13 0.384 0.767 0.044 0.085
13 0.340 0.746 0.043 0.089
13 0.289 0.734 0.041 0.094