11 0.879 0.310 0.116 0.285
11 0.672 0.359 0.122 0.263
11 0.516 0.419 0.111 0.278
11 0.391 0.448 0.099 0.226
11 0.296 0.414 0.050 0.264
11 0.211 0.417 0.099 0.312
11 0.085 0.449 0.130 0.281
13 0.013 0.776 0.022 0.045
13 0.042 0.379 0.054 0.104
13 0.087 0.489 0.045 0.089
13 0.114 0.409 0.054 0.099
13 0.124 0.325 0.033 0.050
13 0.221 0.390 0.056 0.100
13 0.192 0.498 0.061 0.149
13 0.242 0.502 0.037 0.062
13 0.284 0.504 0.045 0.098
13 0.278 0.399 0.040 0.060
13 0.366 0.487 0.049 0.090
13 0.426 0.454 0.028 0.109
13 0.476 0.498 0.029 0.116
13 0.626 0.411 0.025 0.102
13 0.720 0.438 0.037 0.111
13 0.844 0.394 0.040 0.101
13 0.891 0.403 0.050 0.098