11 0.594 0.552 0.085 0.526
11 0.484 0.475 0.076 0.378
11 0.188 0.358 0.039 0.446
11 0.332 0.406 0.164 0.522
18 0.774 0.199 0.020 0.018
18 0.979 0.062 0.028 0.011
18 0.537 0.042 0.025 0.026
18 0.909 0.036 0.015 0.018
18 0.853 0.763 0.024 0.029
18 0.881 0.684 0.015 0.028
18 0.808 0.324 0.016 0.019
18 0.993 0.297 0.014 0.013
18 0.875 0.964 0.013 0.021
18 0.936 0.981 0.014 0.020
18 0.704 0.436 0.058 0.111
18 0.889 0.372 0.014 0.025
13 0.190 0.547 0.025 0.076
13 0.311 0.339 0.059 0.029
13 0.300 0.486 0.065 0.022
13 0.323 0.651 0.106 0.030
13 0.378 0.566 0.056 0.021
13 0.484 0.487 0.052 0.021
13 0.477 0.541 0.061 0.022
13 0.191 0.181 0.021 0.066
13 0.193 0.250 0.022 0.062
13 0.193 0.320 0.031 0.075
13 0.189 0.389 0.021 0.064
13 0.299 0.396 0.066 0.024
13 0.300 0.427 0.068 0.025
13 0.298 0.551 0.066 0.025
13 0.289 0.578 0.086 0.029
13 0.291 0.614 0.084 0.028
13 0.383 0.434 0.059 0.020
13 0.377 0.541 0.056 0.021
13 0.375 0.516 0.052 0.016
13 0.385 0.301 0.065 0.015
13 0.383 0.328 0.048 0.016
13 0.381 0.382 0.056 0.021
13 0.382 0.408 0.056 0.021
13 0.307 0.279 0.061 0.018
13 0.296 0.247 0.055 0.021
13 0.296 0.159 0.044 0.018
13 0.293 0.184 0.049 0.024
13 0.301 0.219 0.030 0.019
13 0.488 0.328 0.044 0.016
13 0.480 0.354 0.058 0.020
13 0.481 0.381 0.059 0.021
13 0.481 0.409 0.059 0.020
13 0.481 0.593 0.056 0.020
13 0.479 0.619 0.054 0.021
13 0.594 0.736 0.085 0.029
13 0.592 0.797 0.091 0.028
13 0.592 0.702 0.079 0.026
13 0.592 0.668 0.079 0.026
13 0.598 0.641 0.059 0.021
13 0.593 0.614 0.054 0.019
13 0.605 0.588 0.037 0.018
13 0.596 0.538 0.055 0.016
13 0.593 0.509 0.059 0.020
13 0.596 0.486 0.058 0.024
13 0.598 0.457 0.059 0.024
13 0.597 0.432 0.059 0.019
13 0.602 0.302 0.051 0.015
13 0.605 0.330 0.048 0.018
13 0.601 0.356 0.055 0.018
13 0.606 0.383 0.049 0.015
12 0.838 0.334 0.324 0.177