11 0.242 0.840 0.315 0.142
11 0.262 0.686 0.284 0.087
13 0.436 0.712 0.013 0.036
11 0.220 0.549 0.362 0.146
11 0.266 0.418 0.292 0.071
11 0.270 0.309 0.292 0.085
11 0.282 0.210 0.309 0.062
11 0.304 0.120 0.349 0.045
11 0.489 0.434 0.071 0.694
13 0.464 0.127 0.013 0.031
13 0.423 0.122 0.009 0.025
13 0.434 0.126 0.010 0.025
13 0.412 0.122 0.010 0.021
13 0.391 0.123 0.010 0.021
13 0.381 0.123 0.011 0.026
13 0.339 0.124 0.013 0.030
13 0.318 0.121 0.009 0.022
13 0.271 0.192 0.010 0.021
13 0.294 0.193 0.010 0.024
13 0.314 0.193 0.009 0.028
13 0.326 0.193 0.009 0.024
13 0.336 0.193 0.007 0.019
13 0.419 0.193 0.014 0.031
13 0.433 0.228 0.009 0.026
13 0.419 0.227 0.011 0.026
13 0.398 0.225 0.009 0.025
13 0.389 0.226 0.010 0.026
13 0.367 0.224 0.013 0.022
13 0.301 0.297 0.009 0.021
13 0.356 0.224 0.010 0.021
13 0.346 0.224 0.009 0.021
13 0.336 0.223 0.009 0.021
13 0.269 0.295 0.009 0.022
13 0.259 0.294 0.009 0.025
13 0.343 0.298 0.009 0.024
13 0.353 0.298 0.011 0.026
13 0.396 0.298 0.010 0.024
13 0.410 0.297 0.010 0.033
13 0.409 0.334 0.014 0.034
13 0.394 0.331 0.010 0.025
13 0.384 0.328 0.009 0.019
13 0.374 0.329 0.010 0.022
13 0.364 0.328 0.010 0.020
13 0.352 0.329 0.010 0.020
13 0.342 0.331 0.011 0.026
13 0.328 0.407 0.011 0.026
13 0.339 0.408 0.011 0.026
13 0.350 0.408 0.010 0.024
13 0.361 0.409 0.011 0.024
13 0.371 0.407 0.009 0.025
13 0.382 0.409 0.009 0.021
13 0.407 0.410 0.011 0.025
13 0.391 0.442 0.013 0.029
13 0.381 0.439 0.009 0.021
13 0.370 0.441 0.007 0.016
13 0.338 0.440 0.009 0.022
13 0.327 0.438 0.011 0.024
13 0.307 0.438 0.009 0.025
13 0.266 0.520 0.010 0.022
13 0.287 0.522 0.011 0.022
13 0.309 0.522 0.010 0.022
13 0.329 0.523 0.011 0.024
13 0.307 0.555 0.009 0.025
13 0.316 0.554 0.010 0.024
13 0.328 0.554 0.011 0.022
13 0.339 0.554 0.010 0.022
13 0.379 0.556 0.009 0.028
13 0.383 0.524 0.009 0.022
13 0.396 0.526 0.010 0.030
13 0.361 0.525 0.009 0.022
13 0.351 0.524 0.010 0.021
13 0.233 0.671 0.011 0.025
13 0.292 0.709 0.013 0.034
13 0.244 0.666 0.009 0.035
13 0.329 0.662 0.013 0.026
13 0.259 0.666 0.013 0.031
13 0.314 0.707 0.013 0.034
13 0.346 0.711 0.011 0.034
13 0.364 0.710 0.013 0.037
13 0.398 0.711 0.013 0.039
13 0.398 0.664 0.013 0.033
13 0.180 0.797 0.037 0.015
13 0.237 0.826 0.009 0.022
13 0.258 0.829 0.010 0.022
13 0.378 0.812 0.025 0.013
13 0.372 0.834 0.009 0.019
13 0.475 0.777 0.025 0.011
13 0.473 0.764 0.026 0.013
13 0.474 0.700 0.028 0.010
13 0.472 0.675 0.025 0.010
13 0.476 0.636 0.024 0.006
13 0.480 0.570 0.022 0.010
13 0.480 0.526 0.025 0.010
13 0.478 0.456 0.036 0.014
13 0.485 0.429 0.025 0.010
13 0.488 0.385 0.019 0.010
13 0.486 0.331 0.025 0.010
13 0.487 0.287 0.022 0.010
13 0.489 0.233 0.019 0.010
13 0.491 0.212 0.020 0.010
13 0.496 0.146 0.026 0.015
13 0.268 0.829 0.009 0.022
13 0.279 0.828 0.009 0.021
13 0.384 0.834 0.007 0.019
13 0.393 0.836 0.009 0.021
13 0.317 0.808 0.024 0.009
13 0.275 0.709 0.015 0.039
13 0.258 0.709 0.010 0.030
13 0.244 0.704 0.009 0.028
13 0.231 0.704 0.011 0.029
13 0.218 0.706 0.009 0.029
13 0.205 0.705 0.007 0.028
13 0.180 0.703 0.010 0.033
13 0.168 0.704 0.010 0.030
13 0.156 0.704 0.009 0.034
13 0.143 0.706 0.011 0.028
13 0.347 0.664 0.014 0.036
13 0.381 0.666 0.014 0.040
13 0.312 0.662 0.013 0.037
13 0.294 0.664 0.013 0.036
13 0.218 0.667 0.011 0.034
13 0.205 0.664 0.010 0.036
13 0.193 0.670 0.009 0.020
13 0.182 0.670 0.009 0.018
13 0.169 0.670 0.010 0.020
13 0.156 0.669 0.010 0.022
13 0.471 0.751 0.031 0.009
13 0.473 0.738 0.026 0.010
13 0.472 0.688 0.020 0.007
13 0.470 0.662 0.035 0.011
13 0.470 0.649 0.033 0.010
13 0.477 0.625 0.024 0.010
13 0.480 0.561 0.022 0.009
13 0.478 0.540 0.034 0.013
13 0.481 0.506 0.018 0.007
13 0.482 0.494 0.022 0.011
13 0.484 0.440 0.028 0.010
13 0.484 0.418 0.022 0.011
13 0.483 0.408 0.026 0.009
13 0.482 0.396 0.028 0.010
13 0.482 0.374 0.025 0.010
13 0.489 0.309 0.028 0.010
13 0.487 0.278 0.029 0.010
13 0.492 0.200 0.024 0.010
13 0.370 0.556 0.010 0.020
13 0.287 0.552 0.011 0.028
13 0.264 0.550 0.009 0.028
13 0.254 0.549 0.009 0.025
13 0.244 0.549 0.010 0.025
13 0.232 0.548 0.011 0.029
13 0.219 0.549 0.011 0.028
13 0.243 0.516 0.011 0.029
13 0.231 0.513 0.010 0.031
13 0.219 0.514 0.011 0.025
13 0.207 0.513 0.010 0.031
13 0.194 0.512 0.010 0.030
13 0.181 0.512 0.010 0.025
13 0.170 0.511 0.010 0.030
13 0.158 0.512 0.011 0.029
13 0.297 0.439 0.011 0.028
13 0.285 0.438 0.010 0.020
13 0.264 0.436 0.010 0.025
13 0.254 0.437 0.009 0.026
13 0.243 0.436 0.009 0.018
13 0.233 0.438 0.010 0.024
13 0.222 0.435 0.009 0.020
13 0.212 0.437 0.009 0.021
13 0.201 0.434 0.009 0.018
13 0.191 0.436 0.009 0.019
13 0.179 0.438 0.010 0.025
13 0.169 0.434 0.009 0.021
13 0.159 0.433 0.009 0.021
13 0.318 0.407 0.009 0.025
13 0.285 0.407 0.010 0.025
13 0.276 0.407 0.009 0.020
13 0.265 0.407 0.010 0.021
13 0.256 0.405 0.009 0.025
13 0.244 0.407 0.009 0.018
13 0.234 0.406 0.009 0.022
13 0.222 0.403 0.011 0.022
13 0.213 0.405 0.009 0.022
13 0.192 0.404 0.009 0.026
13 0.171 0.405 0.009 0.020
13 0.152 0.398 0.014 0.034
13 0.321 0.332 0.010 0.031
13 0.309 0.328 0.009 0.026
13 0.299 0.326 0.009 0.020
13 0.289 0.327 0.010 0.026
13 0.265 0.331 0.013 0.033
13 0.244 0.330 0.011 0.035
13 0.205 0.325 0.007 0.022
13 0.196 0.322 0.009 0.021
13 0.154 0.328 0.013 0.036
13 0.249 0.296 0.010 0.018
13 0.227 0.297 0.009 0.020
13 0.238 0.297 0.009 0.016
13 0.205 0.294 0.010 0.021
13 0.184 0.293 0.011 0.026
13 0.175 0.296 0.010 0.021
13 0.156 0.285 0.014 0.040
13 0.325 0.225 0.007 0.022
13 0.314 0.226 0.007 0.025
13 0.304 0.223 0.009 0.019
13 0.293 0.221 0.009 0.020
13 0.272 0.224 0.009 0.025
13 0.262 0.223 0.009 0.020
13 0.251 0.222 0.010 0.021
13 0.241 0.221 0.010 0.025
13 0.209 0.221 0.009 0.020
13 0.188 0.223 0.011 0.024
13 0.167 0.219 0.009 0.019
13 0.156 0.221 0.010 0.021
13 0.398 0.198 0.009 0.021
13 0.263 0.192 0.007 0.016
13 0.252 0.193 0.009 0.019
13 0.242 0.191 0.009 0.019
13 0.221 0.191 0.009 0.022
13 0.200 0.192 0.007 0.024
13 0.189 0.191 0.007 0.020
13 0.307 0.121 0.010 0.021
13 0.277 0.121 0.009 0.022
13 0.266 0.120 0.010 0.025
13 0.244 0.121 0.009 0.022
13 0.224 0.121 0.009 0.021
13 0.182 0.122 0.011 0.026
13 0.172 0.119 0.009 0.018
13 0.144 0.856 0.016 0.007
13 0.147 0.876 0.018 0.007