11 0.163 0.708 0.189 0.576
11 0.609 0.206 0.723 0.117
11 0.527 0.671 0.168 0.502
11 0.919 0.298 0.147 0.064
11 0.922 0.432 0.152 0.085
11 0.919 0.642 0.145 0.087
11 0.924 0.733 0.134 0.075
11 0.898 0.834 0.181 0.102
13 0.178 0.444 0.124 0.037
13 0.172 0.506 0.106 0.029
13 0.176 0.568 0.109 0.034
13 0.166 0.620 0.101 0.030
13 0.173 0.684 0.091 0.033
13 0.173 0.729 0.104 0.031
13 0.178 0.787 0.101 0.035
13 0.165 0.840 0.095 0.037
13 0.163 0.902 0.094 0.030
13 0.177 0.956 0.098 0.033
13 0.507 0.444 0.122 0.040
13 0.531 0.502 0.120 0.039
13 0.539 0.563 0.122 0.036
13 0.543 0.713 0.119 0.040
13 0.546 0.763 0.124 0.031
13 0.534 0.844 0.109 0.043
13 0.541 0.807 0.071 0.021
13 0.522 0.891 0.106 0.035
13 0.326 0.177 0.119 0.037
13 0.324 0.244 0.142 0.037
13 0.494 0.242 0.154 0.039
13 0.685 0.242 0.115 0.040
13 0.879 0.169 0.136 0.041
13 0.896 0.235 0.106 0.037
13 0.919 0.291 0.115 0.037
13 0.916 0.408 0.115 0.029
13 0.926 0.455 0.099 0.035
13 0.907 0.619 0.111 0.043
13 0.923 0.669 0.109 0.031
13 0.914 0.711 0.084 0.025
13 0.926 0.756 0.102 0.030
13 0.904 0.802 0.140 0.037
13 0.897 0.855 0.158 0.043