14 0.419 0.393 0.424 0.312
16 0.516 0.781 0.036 0.076
16 0.564 0.781 0.037 0.072
16 0.618 0.784 0.035 0.064
16 0.666 0.784 0.037 0.075
16 0.719 0.784 0.039 0.077
16 0.814 0.783 0.035 0.076
16 0.865 0.784 0.033 0.076
16 0.519 0.892 0.041 0.076
16 0.571 0.894 0.039 0.068
16 0.751 0.891 0.039 0.089
16 0.837 0.896 0.044 0.077
18 0.919 0.691 0.034 0.011
18 0.129 0.009 0.016 0.006
18 0.032 0.132 0.009 0.014
18 0.036 0.183 0.006 0.014
18 0.232 0.074 0.011 0.007
18 0.074 0.318 0.006 0.014
18 0.106 0.354 0.007 0.016
18 0.118 0.434 0.014 0.007
18 0.273 0.671 0.007 0.018
18 0.288 0.674 0.006 0.014
18 0.302 0.672 0.006 0.011
18 0.232 0.674 0.006 0.013
18 0.336 0.673 0.006 0.011