3 0.595 0.516 0.748 0.505
12 0.320 0.517 0.142 0.025
6 0.962 0.148 0.074 0.051
15 0.853 0.093 0.009 0.009
15 0.838 0.059 0.006 0.006
15 0.837 0.068 0.006 0.006
15 0.834 0.077 0.007 0.006
15 0.833 0.088 0.007 0.006
15 0.831 0.097 0.006 0.009
15 0.825 0.072 0.005 0.006
15 0.824 0.079 0.005 0.006
15 0.822 0.089 0.006 0.006
15 0.820 0.098 0.005 0.005
15 0.828 0.106 0.006 0.005
15 0.814 0.069 0.005 0.006
15 0.812 0.077 0.006 0.005
15 0.809 0.088 0.006 0.006
15 0.851 0.126 0.009 0.007
15 0.849 0.136 0.007 0.007
15 0.847 0.144 0.006 0.006
15 0.861 0.138 0.007 0.006
15 0.859 0.147 0.006 0.006
15 0.856 0.167 0.006 0.006
15 0.837 0.143 0.006 0.006
15 0.841 0.173 0.006 0.006
15 0.805 0.171 0.007 0.006
15 0.812 0.188 0.006 0.006
15 0.816 0.120 0.006 0.005
15 0.826 0.122 0.006 0.006
15 0.824 0.131 0.007 0.006
15 0.814 0.128 0.006 0.005
15 0.812 0.135 0.005 0.005
15 0.822 0.139 0.006 0.006
15 0.809 0.152 0.006 0.006
15 0.807 0.161 0.005 0.006
15 0.819 0.150 0.006 0.007
15 0.401 0.198 0.010 0.009
15 0.837 0.969 0.011 0.011
15 0.832 0.978 0.009 0.007
15 0.567 0.953 0.006 0.007
15 0.579 0.957 0.009 0.009
15 0.585 0.966 0.007 0.009
15 0.590 0.973 0.007 0.009
15 0.571 0.961 0.007 0.006
15 0.576 0.968 0.007 0.007
15 0.581 0.976 0.007 0.007
15 0.558 0.954 0.009 0.006
15 0.562 0.962 0.007 0.006
15 0.568 0.969 0.007 0.007
15 0.573 0.976 0.007 0.009
15 0.566 0.981 0.009 0.009
15 0.557 0.984 0.007 0.007
15 0.549 0.983 0.006 0.005
15 0.541 0.964 0.009 0.007
15 0.544 0.971 0.007 0.007
15 0.552 0.976 0.006 0.005
11 0.532 0.924 0.018 0.026
11 0.711 0.866 0.036 0.026
11 0.790 0.844 0.015 0.018
12 0.576 0.239 0.020 0.016
12 0.637 0.147 0.009 0.014