11 0.776 0.526 0.449 0.371
11 0.581 0.195 0.431 0.345
11 0.060 0.099 0.117 0.144
11 0.427 0.909 0.239 0.170
11 0.858 0.770 0.285 0.193
11 0.354 0.749 0.259 0.180
11 0.276 0.632 0.271 0.225
11 0.190 0.482 0.280 0.217
11 0.119 0.318 0.236 0.164
13 0.721 0.049 0.041 0.058
13 0.774 0.138 0.046 0.072
13 0.680 0.077 0.048 0.069
13 0.656 0.084 0.044 0.056
13 0.609 0.117 0.036 0.065
13 0.588 0.132 0.039 0.066
13 0.548 0.158 0.044 0.062
13 0.520 0.170 0.048 0.062
13 0.474 0.194 0.046 0.074
13 0.449 0.208 0.056 0.076
13 0.408 0.217 0.079 0.105
13 0.388 0.251 0.049 0.066
13 0.437 0.333 0.059 0.076
13 0.461 0.311 0.041 0.056
13 0.499 0.289 0.041 0.064
13 0.527 0.276 0.034 0.060
13 0.574 0.257 0.054 0.081
13 0.662 0.194 0.046 0.068
13 0.703 0.168 0.046 0.066
13 0.024 0.106 0.030 0.040
13 0.047 0.098 0.036 0.048
13 0.073 0.065 0.056 0.075
13 0.104 0.061 0.033 0.046
13 0.014 0.357 0.025 0.044
13 0.029 0.348 0.028 0.041
13 0.052 0.333 0.034 0.041
13 0.068 0.320 0.030 0.043
13 0.091 0.309 0.031 0.045
13 0.108 0.291 0.034 0.048
13 0.131 0.283 0.031 0.044
13 0.174 0.257 0.031 0.041
13 0.081 0.381 0.031 0.044
13 0.142 0.347 0.033 0.043
13 0.163 0.332 0.029 0.036
13 0.222 0.296 0.031 0.044
13 0.066 0.517 0.030 0.040
13 0.098 0.502 0.034 0.044
13 0.126 0.559 0.034 0.050
13 0.099 0.574 0.025 0.037
13 0.147 0.542 0.031 0.044
13 0.170 0.529 0.030 0.046
13 0.193 0.523 0.030 0.036
13 0.181 0.459 0.026 0.043
13 0.201 0.443 0.026 0.034
13 0.241 0.419 0.031 0.048
13 0.282 0.394 0.029 0.046
13 0.316 0.451 0.033 0.043
13 0.296 0.461 0.029 0.043
13 0.367 0.539 0.022 0.037
13 0.348 0.547 0.031 0.043
13 0.324 0.561 0.029 0.043
13 0.398 0.588 0.029 0.037
13 0.284 0.586 0.030 0.045
13 0.224 0.621 0.036 0.048
13 0.204 0.637 0.030 0.044
13 0.157 0.665 0.031 0.040
13 0.189 0.722 0.033 0.049
13 0.216 0.696 0.034 0.043
13 0.234 0.683 0.029 0.041
13 0.256 0.675 0.033 0.045
13 0.276 0.658 0.025 0.034
13 0.297 0.646 0.028 0.040
13 0.240 0.806 0.030 0.045
13 0.339 0.808 0.092 0.066
13 0.330 0.753 0.030 0.044
13 0.371 0.734 0.028 0.039
13 0.414 0.706 0.028 0.044
13 0.452 0.683 0.034 0.046
13 0.438 0.744 0.080 0.056
13 0.326 0.943 0.036 0.048
13 0.354 0.935 0.035 0.048
13 0.389 0.969 0.079 0.049
13 0.377 0.923 0.031 0.041
13 0.399 0.912 0.030 0.044
13 0.417 0.893 0.033 0.049
13 0.481 0.859 0.033 0.041
13 0.500 0.847 0.035 0.046
13 0.478 0.917 0.059 0.043
13 0.584 0.576 0.064 0.094
13 0.643 0.672 0.059 0.081
13 0.663 0.646 0.044 0.059
13 0.649 0.540 0.059 0.080
13 0.685 0.536 0.043 0.061
13 0.703 0.619 0.041 0.061
13 0.733 0.611 0.056 0.075
13 0.794 0.471 0.041 0.064
13 0.839 0.552 0.052 0.084
13 0.862 0.529 0.044 0.060
13 0.813 0.446 0.034 0.052
13 0.859 0.428 0.044 0.064
13 0.902 0.506 0.052 0.070
13 0.928 0.486 0.036 0.050
13 0.976 0.469 0.043 0.058
13 0.878 0.409 0.041 0.060
13 0.915 0.381 0.052 0.074
13 0.869 0.721 0.041 0.031
13 0.973 0.691 0.040 0.026
13 0.884 0.737 0.091 0.061