13 0.874 0.865 0.026 0.077
13 0.684 0.468 0.015 0.041
13 0.532 0.124 0.033 0.014
13 0.696 0.114 0.029 0.013
18 0.613 0.385 0.021 0.010
18 0.598 0.586 0.025 0.010
18 0.168 0.337 0.020 0.026
18 0.208 0.361 0.016 0.022
18 0.269 0.326 0.028 0.020
18 0.083 0.348 0.024 0.011
18 0.516 0.796 0.015 0.034
18 0.565 0.806 0.010 0.022
18 0.583 0.810 0.011 0.018
18 0.279 0.312 0.018 0.009
13 0.874 0.789 0.026 0.065
13 0.845 0.863 0.025 0.069
13 0.815 0.868 0.025 0.061
13 0.786 0.864 0.034 0.068
13 0.754 0.868 0.026 0.070
13 0.821 0.786 0.019 0.050
13 0.795 0.794 0.020 0.049
13 0.693 0.728 0.036 0.019
13 0.689 0.759 0.041 0.015
13 0.725 0.886 0.030 0.071
13 0.853 0.684 0.014 0.041
13 0.781 0.670 0.022 0.045
13 0.879 0.605 0.016 0.040
13 0.795 0.408 0.022 0.066
13 0.825 0.409 0.025 0.066
13 0.879 0.413 0.013 0.029
13 0.835 0.124 0.058 0.021
13 0.746 0.106 0.037 0.015
13 0.816 0.103 0.029 0.016
13 0.391 0.140 0.070 0.028
13 0.341 0.131 0.018 0.040
13 0.868 0.294 0.019 0.048
13 0.726 0.240 0.013 0.030
11 0.414 0.196 0.172 0.195
11 0.689 0.190 0.359 0.203
11 0.784 0.259 0.235 0.120
11 0.766 0.443 0.259 0.149
11 0.766 0.637 0.244 0.145
11 0.672 0.848 0.440 0.190
13 0.383 0.110 0.031 0.015
13 0.431 0.107 0.029 0.015
13 0.738 0.146 0.018 0.035
13 0.757 0.144 0.013 0.035
13 0.777 0.144 0.016 0.037
13 0.871 0.228 0.019 0.043
13 0.894 0.241 0.018 0.036
13 0.841 0.226 0.019 0.051
13 0.819 0.227 0.016 0.046
13 0.796 0.236 0.018 0.041
13 0.778 0.237 0.014 0.031
13 0.763 0.239 0.014 0.031
13 0.728 0.285 0.016 0.033
13 0.743 0.287 0.011 0.031
13 0.760 0.289 0.013 0.030
13 0.776 0.291 0.016 0.037
13 0.797 0.294 0.016 0.041
13 0.822 0.292 0.016 0.040
13 0.844 0.291 0.020 0.045
13 0.701 0.305 0.028 0.015
13 0.692 0.329 0.041 0.018
13 0.693 0.350 0.040 0.018
13 0.695 0.370 0.043 0.015
13 0.727 0.410 0.016 0.040
13 0.747 0.416 0.019 0.040
13 0.726 0.473 0.021 0.041
13 0.744 0.478 0.018 0.049
13 0.792 0.482 0.020 0.060
13 0.817 0.475 0.019 0.048
13 0.853 0.484 0.020 0.058
13 0.881 0.474 0.031 0.085
13 0.681 0.607 0.020 0.054
13 0.709 0.603 0.022 0.066
13 0.737 0.603 0.021 0.069
13 0.759 0.601 0.020 0.065
13 0.783 0.603 0.019 0.056
13 0.807 0.609 0.021 0.061
13 0.830 0.610 0.022 0.055
13 0.853 0.606 0.021 0.056
13 0.734 0.670 0.018 0.040
13 0.759 0.671 0.018 0.045
13 0.807 0.680 0.018 0.043
13 0.829 0.672 0.016 0.048
13 0.688 0.708 0.026 0.013
13 0.752 0.798 0.018 0.041
13 0.774 0.789 0.016 0.050
13 0.694 0.914 0.025 0.064
13 0.672 0.907 0.019 0.051
13 0.649 0.904 0.018 0.041
13 0.626 0.897 0.018 0.041
13 0.490 0.896 0.018 0.044
13 0.471 0.866 0.016 0.024
13 0.473 0.894 0.009 0.019
13 0.517 0.887 0.015 0.034
13 0.539 0.888 0.015 0.036
13 0.564 0.896 0.018 0.043
13 0.584 0.894 0.016 0.033
13 0.606 0.892 0.015 0.037
13 0.143 0.229 0.039 0.064
13 0.306 0.323 0.021 0.035
18 0.438 0.212 0.035 0.024
13 0.593 0.287 0.061 0.024
13 0.281 0.596 0.050 0.028
13 0.211 0.647 0.051 0.021
13 0.599 0.522 0.039 0.022
13 0.237 0.619 0.074 0.029