11 0.325 0.621 0.340 0.544
11 0.621 0.757 0.217 0.297
11 0.444 0.401 0.253 0.417
11 0.278 0.362 0.165 0.226
13 0.163 0.374 0.021 0.029
13 0.185 0.371 0.028 0.040
13 0.182 0.406 0.015 0.025
13 0.217 0.422 0.030 0.037
13 0.201 0.438 0.018 0.028
13 0.221 0.469 0.018 0.029
13 0.262 0.496 0.029 0.043
13 0.286 0.538 0.020 0.029
13 0.274 0.557 0.018 0.025
13 0.319 0.583 0.039 0.059
13 0.330 0.648 0.015 0.024
13 0.434 0.780 0.022 0.035
13 0.461 0.820 0.030 0.045
13 0.690 0.892 0.040 0.028
13 0.651 0.824 0.060 0.043
13 0.640 0.794 0.045 0.033
13 0.628 0.775 0.051 0.033
13 0.581 0.740 0.043 0.030
13 0.674 0.752 0.020 0.025
13 0.693 0.785 0.015 0.022
13 0.727 0.842 0.014 0.021
13 0.566 0.651 0.046 0.033
13 0.596 0.662 0.011 0.019
13 0.607 0.642 0.016 0.025
13 0.626 0.674 0.018 0.020
13 0.654 0.722 0.011 0.021
13 0.534 0.609 0.051 0.039
13 0.561 0.569 0.015 0.022
13 0.522 0.589 0.051 0.040
13 0.514 0.568 0.050 0.030
13 0.481 0.515 0.045 0.030
13 0.519 0.494 0.021 0.028
13 0.461 0.479 0.043 0.026
13 0.494 0.458 0.015 0.018
13 0.450 0.461 0.043 0.034
13 0.475 0.425 0.015 0.028
13 0.455 0.391 0.018 0.026
13 0.419 0.409 0.043 0.033
13 0.413 0.386 0.039 0.022
13 0.309 0.424 0.040 0.060
13 0.325 0.406 0.020 0.028
13 0.275 0.369 0.028 0.041
13 0.304 0.376 0.021 0.025
13 0.254 0.332 0.021 0.024
13 0.237 0.304 0.015 0.024
13 0.253 0.291 0.015 0.025
13 0.354 0.289 0.031 0.024
13 0.279 0.316 0.020 0.025
13 0.271 0.323 0.020 0.025
13 0.371 0.324 0.040 0.028
13 0.362 0.308 0.036 0.026
13 0.385 0.273 0.015 0.020
13 0.402 0.302 0.016 0.020