4 0.370 0.226 0.102 0.106
4 0.349 0.388 0.138 0.134
10 0.321 0.797 0.522 0.239
16 0.768 0.274 0.034 0.072
16 0.661 0.164 0.034 0.072
16 0.714 0.274 0.034 0.072
16 0.661 0.274 0.034 0.072
16 0.769 0.166 0.034 0.072
16 0.716 0.165 0.034 0.072
18 0.983 0.049 0.015 0.010
18 0.964 0.079 0.015 0.014
18 0.822 0.772 0.006 0.033
18 0.834 0.782 0.009 0.033
18 0.639 0.714 0.009 0.016
18 0.596 0.664 0.006 0.013
18 0.557 0.631 0.014 0.010
18 0.566 0.636 0.014 0.015
18 0.031 0.828 0.005 0.010
18 0.020 0.772 0.010 0.019
18 0.157 0.416 0.019 0.009
18 0.194 0.205 0.016 0.007
18 0.194 0.247 0.018 0.009
18 0.193 0.255 0.019 0.007
18 0.194 0.096 0.018 0.006
18 0.192 0.114 0.014 0.007
18 0.144 0.077 0.009 0.015
18 0.101 0.075 0.007 0.015
18 0.070 0.076 0.005 0.018
18 0.046 0.077 0.007 0.014
18 0.034 0.077 0.009 0.010
18 0.464 0.019 0.009 0.019
18 0.446 0.094 0.006 0.014
18 0.460 0.094 0.007 0.014