18 0.305 0.625 0.025 0.013
18 0.414 0.685 0.036 0.020
18 0.444 0.672 0.037 0.009
18 0.456 0.703 0.037 0.009
18 0.576 0.691 0.025 0.009
18 0.381 0.597 0.039 0.009
18 0.427 0.594 0.039 0.009
18 0.480 0.596 0.018 0.009
18 0.511 0.594 0.022 0.009
18 0.547 0.601 0.036 0.010
18 0.544 0.623 0.039 0.007
18 0.546 0.633 0.039 0.011
18 0.579 0.635 0.015 0.007
18 0.586 0.623 0.037 0.009
18 0.686 0.629 0.021 0.033
18 0.548 0.322 0.039 0.011
18 0.528 0.447 0.036 0.009
18 0.590 0.421 0.040 0.007
18 0.585 0.411 0.037 0.009
18 0.596 0.391 0.041 0.014
0 0.516 0.699 0.632 0.260
0 0.480 0.352 0.593 0.256