15 0.337 0.150 0.174 0.175
15 0.138 0.284 0.180 0.186
15 0.352 0.367 0.180 0.186
15 0.524 0.221 0.181 0.177
15 0.737 0.300 0.181 0.177
15 0.544 0.436 0.186 0.189
15 0.761 0.521 0.186 0.189
15 0.568 0.659 0.058 0.061
15 0.557 0.709 0.058 0.058
15 0.615 0.665 0.058 0.058
15 0.614 0.721 0.049 0.049
15 0.657 0.731 0.049 0.049
15 0.666 0.674 0.054 0.051
15 0.717 0.682 0.049 0.052
15 0.706 0.733 0.049 0.058
15 0.761 0.688 0.050 0.060
15 0.761 0.741 0.055 0.054
15 0.805 0.748 0.055 0.054
15 0.572 0.774 0.041 0.043
15 0.621 0.772 0.043 0.041
15 0.090 0.588 0.018 0.018
15 0.112 0.580 0.016 0.018
15 0.132 0.579 0.016 0.019