11 0.042 0.748 0.076 0.152
11 0.186 0.668 0.113 0.306
11 0.345 0.522 0.117 0.610
13 0.771 0.326 0.062 0.026
11 0.513 0.521 0.111 0.596
11 0.686 0.524 0.134 0.601
11 0.884 0.534 0.223 0.614
11 0.957 0.715 0.086 0.362
13 0.336 0.231 0.092 0.028
13 0.513 0.234 0.089 0.030
13 0.669 0.234 0.098 0.026
13 0.321 0.264 0.051 0.025
13 0.162 0.524 0.041 0.015
13 0.210 0.524 0.048 0.018
13 0.054 0.681 0.050 0.019
13 0.058 0.726 0.037 0.016
13 0.061 0.749 0.031 0.015
13 0.059 0.774 0.036 0.015
13 0.059 0.792 0.039 0.014
13 0.154 0.552 0.041 0.015
13 0.215 0.551 0.035 0.013
13 0.221 0.575 0.048 0.020
13 0.216 0.601 0.041 0.016
13 0.160 0.571 0.033 0.015
13 0.157 0.597 0.031 0.014
13 0.157 0.639 0.034 0.015
13 0.211 0.621 0.029 0.016
13 0.215 0.646 0.043 0.020
13 0.157 0.664 0.041 0.016
13 0.214 0.672 0.045 0.021
13 0.216 0.697 0.036 0.014
13 0.155 0.687 0.035 0.014
13 0.152 0.708 0.037 0.019
13 0.214 0.717 0.034 0.014
13 0.159 0.731 0.033 0.014
13 0.157 0.755 0.026 0.013
13 0.215 0.744 0.045 0.016
13 0.211 0.768 0.046 0.019
13 0.153 0.775 0.036 0.015
13 0.152 0.792 0.033 0.015
13 0.321 0.681 0.037 0.018
13 0.320 0.635 0.040 0.015
13 0.322 0.613 0.034 0.015
13 0.320 0.566 0.045 0.016
13 0.322 0.590 0.036 0.015
13 0.321 0.542 0.040 0.015
13 0.320 0.516 0.033 0.014
13 0.321 0.732 0.034 0.011
13 0.318 0.753 0.048 0.019
13 0.316 0.771 0.031 0.011
13 0.316 0.793 0.033 0.016
13 0.378 0.772 0.045 0.016
13 0.378 0.727 0.033 0.016
13 0.374 0.703 0.036 0.015
13 0.376 0.652 0.039 0.018
13 0.376 0.628 0.045 0.019
13 0.380 0.608 0.035 0.015
13 0.379 0.581 0.046 0.014
13 0.380 0.530 0.050 0.020
13 0.480 0.591 0.045 0.015
13 0.482 0.611 0.045 0.016
13 0.482 0.661 0.045 0.018
13 0.484 0.684 0.043 0.018
13 0.485 0.704 0.037 0.018
13 0.481 0.753 0.037 0.016
13 0.478 0.775 0.036 0.015
13 0.479 0.794 0.034 0.014
13 0.479 0.522 0.035 0.014
13 0.487 0.540 0.034 0.015
13 0.376 0.749 0.036 0.014
13 0.534 0.768 0.036 0.016
13 0.541 0.716 0.034 0.014
13 0.539 0.691 0.035 0.013
13 0.538 0.674 0.034 0.011
13 0.540 0.626 0.035 0.018
13 0.541 0.599 0.045 0.018
13 0.542 0.574 0.037 0.016
13 0.542 0.552 0.035 0.014
13 0.643 0.631 0.034 0.018
13 0.646 0.681 0.044 0.018
13 0.642 0.703 0.041 0.015
13 0.644 0.727 0.030 0.014
13 0.643 0.751 0.029 0.014
13 0.643 0.769 0.041 0.016
13 0.644 0.799 0.036 0.016
13 0.703 0.801 0.035 0.016
13 0.703 0.758 0.028 0.014
13 0.702 0.708 0.041 0.016
13 0.706 0.682 0.041 0.015
13 0.709 0.659 0.048 0.019
13 0.701 0.635 0.050 0.018
13 0.702 0.614 0.036 0.015
13 0.704 0.586 0.041 0.018
13 0.708 0.561 0.046 0.018
13 0.315 0.497 0.050 0.018
13 0.380 0.507 0.040 0.018
13 0.411 0.489 0.030 0.018
13 0.319 0.427 0.048 0.020
13 0.321 0.449 0.043 0.018
13 0.319 0.473 0.046 0.019
13 0.381 0.457 0.049 0.019
13 0.320 0.380 0.045 0.018
13 0.320 0.357 0.045 0.019
13 0.326 0.333 0.041 0.015
13 0.323 0.310 0.041 0.018
13 0.383 0.289 0.044 0.016
13 0.379 0.409 0.041 0.016
13 0.380 0.361 0.028 0.013
13 0.378 0.338 0.036 0.014
13 0.379 0.312 0.045 0.019
13 0.485 0.361 0.035 0.016
13 0.542 0.343 0.046 0.018
13 0.544 0.365 0.041 0.018
13 0.481 0.384 0.035 0.016
13 0.484 0.311 0.044 0.018
13 0.543 0.296 0.029 0.014
13 0.545 0.314 0.035 0.014
13 0.484 0.289 0.040 0.015
13 0.544 0.415 0.030 0.018
13 0.547 0.438 0.044 0.020
13 0.544 0.458 0.035 0.014
13 0.481 0.474 0.049 0.019
13 0.481 0.499 0.045 0.016
13 0.480 0.451 0.043 0.015
13 0.487 0.431 0.034 0.018
13 0.484 0.406 0.034 0.015
13 0.714 0.356 0.058 0.020
13 0.710 0.386 0.058 0.021
13 0.711 0.412 0.050 0.020
13 0.706 0.442 0.046 0.019
13 0.706 0.466 0.051 0.020
13 0.708 0.492 0.054 0.021
13 0.711 0.517 0.048 0.019
13 0.712 0.541 0.049 0.020
13 0.646 0.542 0.044 0.018
13 0.646 0.516 0.034 0.014
13 0.647 0.494 0.033 0.016
13 0.647 0.471 0.043 0.016
13 0.645 0.450 0.045 0.018
13 0.647 0.379 0.041 0.015
13 0.648 0.351 0.034 0.015
13 0.646 0.333 0.045 0.018
13 0.649 0.309 0.045 0.020
13 0.649 0.286 0.028 0.014
13 0.485 0.266 0.048 0.016
13 0.544 0.268 0.045 0.018
13 0.649 0.268 0.040 0.016
13 0.715 0.270 0.058 0.025
13 0.715 0.299 0.065 0.024
13 0.898 0.245 0.056 0.030
13 0.887 0.276 0.071 0.037
13 0.876 0.307 0.072 0.036
13 0.874 0.334 0.064 0.034
13 0.874 0.366 0.051 0.024
13 0.867 0.391 0.056 0.030
13 0.856 0.417 0.060 0.031
13 0.847 0.446 0.059 0.031
13 0.844 0.471 0.059 0.031
13 0.839 0.495 0.052 0.028
13 0.835 0.521 0.052 0.030
13 0.971 0.278 0.046 0.026
13 0.966 0.302 0.051 0.030
13 0.954 0.329 0.049 0.025
13 0.948 0.354 0.058 0.028
13 0.933 0.404 0.051 0.030
13 0.931 0.429 0.059 0.030
13 0.914 0.478 0.050 0.026
13 0.904 0.502 0.049 0.025
13 0.903 0.532 0.031 0.019
13 0.892 0.549 0.051 0.024
13 0.823 0.544 0.051 0.029
13 0.824 0.573 0.035 0.019
13 0.889 0.576 0.056 0.030
13 0.880 0.601 0.052 0.026
13 0.816 0.594 0.045 0.024
13 0.802 0.621 0.019 0.013
13 0.866 0.649 0.051 0.028
13 0.861 0.674 0.051 0.031
13 0.812 0.672 0.020 0.031
13 0.801 0.715 0.019 0.035
13 0.853 0.699 0.055 0.029
13 0.848 0.726 0.061 0.028
13 0.979 0.655 0.043 0.025
13 0.980 0.682 0.040 0.021
13 0.974 0.706 0.049 0.026
13 0.969 0.731 0.049 0.021
13 0.964 0.757 0.050 0.024
13 0.841 0.749 0.052 0.025
13 0.831 0.773 0.050 0.026
13 0.780 0.796 0.015 0.029
13 0.956 0.779 0.049 0.026
13 0.948 0.801 0.046 0.022
13 0.944 0.827 0.033 0.016
13 0.933 0.848 0.041 0.020
13 0.823 0.820 0.030 0.018