11 0.489 0.490 0.151 0.787
11 0.745 0.926 0.395 0.058
11 0.325 0.486 0.087 0.336
13 0.328 0.307 0.061 0.019
11 0.182 0.502 0.085 0.302
13 0.159 0.339 0.036 0.022
13 0.502 0.354 0.036 0.016
13 0.514 0.198 0.037 0.013
13 0.567 0.917 0.014 0.024
13 0.158 0.364 0.029 0.009
13 0.158 0.383 0.033 0.013
13 0.158 0.399 0.025 0.010
13 0.157 0.417 0.031 0.011
13 0.157 0.434 0.031 0.010
13 0.155 0.448 0.030 0.011
13 0.159 0.466 0.028 0.013
13 0.159 0.499 0.034 0.013
13 0.157 0.515 0.034 0.013
13 0.158 0.532 0.028 0.013
13 0.159 0.564 0.026 0.010
13 0.158 0.581 0.024 0.013
13 0.158 0.598 0.031 0.013
13 0.207 0.366 0.037 0.014
13 0.204 0.383 0.035 0.014
13 0.204 0.399 0.029 0.011
13 0.206 0.417 0.031 0.011
13 0.199 0.434 0.024 0.010
13 0.205 0.447 0.035 0.011
13 0.204 0.464 0.037 0.011
13 0.206 0.482 0.033 0.014
13 0.206 0.498 0.031 0.011
13 0.205 0.516 0.035 0.014
13 0.208 0.531 0.021 0.010
13 0.204 0.548 0.034 0.011
13 0.205 0.565 0.030 0.010
13 0.203 0.581 0.031 0.010
13 0.204 0.597 0.029 0.011
13 0.205 0.614 0.025 0.015
13 0.199 0.630 0.031 0.013
13 0.209 0.649 0.031 0.011
13 0.474 0.874 0.051 0.019
13 0.430 0.871 0.035 0.015
13 0.431 0.854 0.036 0.018
13 0.431 0.833 0.036 0.015
13 0.484 0.849 0.046 0.015
13 0.481 0.827 0.048 0.016
13 0.486 0.802 0.037 0.013
13 0.432 0.797 0.034 0.014
13 0.434 0.779 0.033 0.013
13 0.430 0.762 0.035 0.014
13 0.435 0.744 0.035 0.014
13 0.432 0.728 0.040 0.015
13 0.431 0.708 0.034 0.014
13 0.438 0.693 0.031 0.013
13 0.489 0.721 0.043 0.014
13 0.490 0.742 0.043 0.016
13 0.484 0.762 0.043 0.018
13 0.484 0.784 0.044 0.016
13 0.489 0.700 0.045 0.018
13 0.482 0.676 0.029 0.014
13 0.484 0.648 0.031 0.011
13 0.441 0.629 0.028 0.011
13 0.484 0.628 0.034 0.011
13 0.346 0.622 0.036 0.011
13 0.344 0.604 0.028 0.010
13 0.346 0.588 0.036 0.013
13 0.345 0.569 0.035 0.011
13 0.346 0.551 0.037 0.015
13 0.345 0.534 0.035 0.011
13 0.347 0.519 0.030 0.010
13 0.439 0.544 0.037 0.015
13 0.439 0.561 0.026 0.011
13 0.439 0.594 0.024 0.013
13 0.439 0.609 0.028 0.011
13 0.487 0.613 0.035 0.014
13 0.487 0.595 0.030 0.010
13 0.487 0.579 0.036 0.013
13 0.486 0.546 0.037 0.015
13 0.488 0.526 0.034 0.011
13 0.489 0.511 0.028 0.013
13 0.345 0.446 0.030 0.013
13 0.344 0.463 0.029 0.011
13 0.344 0.482 0.034 0.013
13 0.347 0.499 0.028 0.013
13 0.447 0.355 0.039 0.018
13 0.445 0.374 0.035 0.013
13 0.502 0.383 0.044 0.016
13 0.502 0.405 0.052 0.018
13 0.492 0.425 0.035 0.015
13 0.492 0.444 0.033 0.014
13 0.492 0.460 0.033 0.015
13 0.491 0.476 0.034 0.013
13 0.492 0.492 0.041 0.016
13 0.442 0.492 0.036 0.013
13 0.443 0.475 0.034 0.013
13 0.444 0.458 0.031 0.011
13 0.446 0.441 0.030 0.009
13 0.446 0.423 0.033 0.011
13 0.445 0.407 0.030 0.011
13 0.446 0.391 0.031 0.013
13 0.349 0.401 0.039 0.014
13 0.333 0.418 0.010 0.019
13 0.352 0.383 0.036 0.011
13 0.351 0.364 0.028 0.013
13 0.348 0.346 0.036 0.013
13 0.351 0.329 0.029 0.011
13 0.444 0.286 0.044 0.016
13 0.444 0.306 0.028 0.011
13 0.501 0.291 0.033 0.011
13 0.507 0.264 0.058 0.018
13 0.446 0.261 0.037 0.014
13 0.436 0.239 0.045 0.016
13 0.502 0.241 0.044 0.018
13 0.444 0.216 0.044 0.016
13 0.444 0.194 0.041 0.018
13 0.466 0.189 0.011 0.013
13 0.448 0.171 0.044 0.015
13 0.446 0.150 0.040 0.013
13 0.514 0.173 0.050 0.016
13 0.477 0.103 0.056 0.019
13 0.450 0.122 0.043 0.010
13 0.515 0.129 0.052 0.020
13 0.513 0.151 0.046 0.016
13 0.302 0.328 0.029 0.010
13 0.300 0.347 0.030 0.010
13 0.301 0.366 0.039 0.014
13 0.301 0.382 0.034 0.011
13 0.299 0.417 0.039 0.013
13 0.302 0.436 0.024 0.013
13 0.302 0.456 0.026 0.011
13 0.301 0.471 0.028 0.013
13 0.294 0.506 0.022 0.013
13 0.299 0.526 0.028 0.013
13 0.297 0.542 0.035 0.013
13 0.299 0.562 0.026 0.011
13 0.297 0.577 0.024 0.011
13 0.295 0.595 0.030 0.013
13 0.297 0.611 0.031 0.013
13 0.294 0.648 0.033 0.011