11 0.762 0.413 0.286 0.376
11 0.578 0.362 0.198 0.316
11 0.463 0.326 0.165 0.284
11 0.506 0.521 0.355 0.179
11 0.469 0.599 0.362 0.185
11 0.416 0.677 0.383 0.190
11 0.351 0.761 0.401 0.207
11 0.240 0.857 0.477 0.266
13 0.028 0.900 0.026 0.030
13 0.048 0.868 0.021 0.033
13 0.063 0.829 0.016 0.026
13 0.081 0.789 0.010 0.021
13 0.101 0.765 0.021 0.010
13 0.122 0.764 0.013 0.020
13 0.132 0.743 0.011 0.020
13 0.117 0.792 0.039 0.024
13 0.102 0.821 0.036 0.018
13 0.109 0.807 0.036 0.011
13 0.095 0.838 0.035 0.021
13 0.087 0.852 0.036 0.019
13 0.077 0.869 0.034 0.018
13 0.071 0.887 0.033 0.018
13 0.063 0.900 0.031 0.018
13 0.209 0.831 0.033 0.018
13 0.198 0.842 0.036 0.021
13 0.197 0.859 0.036 0.021
13 0.181 0.891 0.031 0.018
13 0.175 0.907 0.035 0.021
13 0.166 0.921 0.037 0.022
13 0.161 0.937 0.034 0.016
13 0.154 0.951 0.036 0.020
13 0.251 0.852 0.036 0.021
13 0.245 0.867 0.040 0.021
13 0.239 0.885 0.041 0.022
13 0.222 0.918 0.039 0.024
13 0.217 0.938 0.040 0.022
13 0.209 0.954 0.048 0.021
13 0.204 0.971 0.045 0.028
13 0.360 0.894 0.050 0.029
13 0.352 0.912 0.050 0.026
13 0.347 0.930 0.041 0.022
13 0.420 0.921 0.048 0.025
13 0.398 0.953 0.041 0.025
13 0.429 0.898 0.035 0.029
13 0.321 0.853 0.035 0.029
13 0.279 0.834 0.039 0.030
13 0.138 0.767 0.018 0.030
13 0.150 0.770 0.020 0.028
13 0.161 0.777 0.018 0.029
13 0.172 0.782 0.014 0.028
13 0.183 0.788 0.016 0.029
13 0.196 0.793 0.015 0.029
13 0.207 0.799 0.018 0.028
13 0.221 0.803 0.020 0.029
13 0.231 0.808 0.013 0.026
13 0.246 0.814 0.021 0.026
13 0.144 0.715 0.013 0.020
13 0.155 0.687 0.015 0.021
13 0.166 0.701 0.015 0.028
13 0.181 0.705 0.014 0.022
13 0.196 0.674 0.016 0.026
13 0.207 0.679 0.013 0.024
13 0.219 0.684 0.011 0.022
13 0.204 0.717 0.015 0.029
13 0.229 0.687 0.018 0.026
13 0.248 0.698 0.014 0.021
13 0.216 0.722 0.016 0.024
13 0.227 0.726 0.016 0.025
13 0.239 0.733 0.018 0.030
13 0.261 0.703 0.013 0.021
13 0.272 0.708 0.011 0.024
13 0.283 0.713 0.014 0.020
13 0.253 0.736 0.013 0.026
13 0.261 0.741 0.015 0.022
13 0.316 0.727 0.016 0.024
13 0.285 0.752 0.015 0.028
13 0.297 0.756 0.014 0.025
13 0.307 0.761 0.015 0.025
13 0.326 0.733 0.014 0.020
13 0.336 0.736 0.013 0.022
13 0.321 0.769 0.014 0.026
13 0.343 0.779 0.015 0.028
13 0.347 0.743 0.013 0.020
13 0.359 0.744 0.014 0.024
13 0.369 0.749 0.011 0.020
13 0.381 0.754 0.015 0.025
13 0.393 0.761 0.013 0.022
13 0.354 0.784 0.016 0.026
13 0.366 0.788 0.016 0.026
13 0.379 0.794 0.018 0.030
13 0.391 0.799 0.018 0.025
13 0.401 0.803 0.015 0.026
13 0.414 0.770 0.013 0.020
13 0.424 0.776 0.014 0.024
13 0.232 0.618 0.014 0.025
13 0.253 0.626 0.011 0.022
13 0.262 0.631 0.016 0.025
13 0.276 0.636 0.014 0.021
13 0.297 0.645 0.014 0.020
13 0.319 0.654 0.018 0.026
13 0.340 0.663 0.013 0.021
13 0.384 0.681 0.014 0.022
13 0.394 0.686 0.011 0.016
13 0.406 0.689 0.015 0.024
13 0.417 0.694 0.011 0.022
13 0.430 0.698 0.013 0.021
13 0.441 0.702 0.014 0.021
13 0.244 0.597 0.016 0.011
13 0.284 0.599 0.015 0.026
13 0.292 0.607 0.014 0.024
13 0.306 0.611 0.015 0.025
13 0.328 0.621 0.011 0.022
13 0.351 0.632 0.013 0.021
13 0.362 0.634 0.011 0.021
13 0.375 0.639 0.013 0.020
13 0.385 0.643 0.010 0.024
13 0.394 0.649 0.011 0.022
13 0.406 0.652 0.014 0.022
13 0.419 0.657 0.010 0.019
13 0.427 0.661 0.013 0.021
13 0.412 0.809 0.014 0.026
13 0.424 0.815 0.014 0.028
13 0.445 0.784 0.015 0.024
13 0.456 0.791 0.015 0.021
13 0.467 0.793 0.014 0.024
13 0.478 0.800 0.014 0.020
13 0.499 0.807 0.014 0.021
13 0.511 0.810 0.018 0.022
13 0.521 0.816 0.014 0.021
13 0.538 0.824 0.026 0.028
13 0.437 0.819 0.014 0.026
13 0.448 0.823 0.013 0.024
13 0.469 0.833 0.015 0.024
13 0.482 0.839 0.015 0.025
13 0.506 0.848 0.016 0.026
13 0.520 0.852 0.013 0.024
13 0.440 0.667 0.010 0.020
13 0.450 0.669 0.013 0.019
13 0.463 0.674 0.010 0.021
13 0.472 0.679 0.015 0.022
13 0.486 0.684 0.011 0.020
13 0.494 0.688 0.010 0.020
13 0.504 0.695 0.014 0.022
13 0.528 0.704 0.014 0.022
13 0.537 0.706 0.010 0.022
13 0.548 0.714 0.011 0.020
13 0.559 0.716 0.013 0.021
13 0.572 0.721 0.011 0.020
13 0.582 0.724 0.011 0.021
13 0.595 0.738 0.022 0.031
13 0.461 0.713 0.013 0.022
13 0.474 0.716 0.011 0.022
13 0.516 0.736 0.019 0.025
13 0.547 0.748 0.020 0.025
13 0.569 0.754 0.014 0.024
13 0.559 0.751 0.013 0.020
13 0.627 0.644 0.031 0.018
13 0.626 0.659 0.034 0.021
13 0.610 0.671 0.020 0.015
13 0.578 0.657 0.014 0.021
13 0.603 0.632 0.013 0.019
13 0.593 0.629 0.013 0.018
13 0.581 0.625 0.013 0.020
13 0.547 0.644 0.014 0.022
13 0.535 0.641 0.015 0.022
13 0.493 0.621 0.014 0.019
13 0.514 0.630 0.013 0.022
13 0.531 0.602 0.010 0.019
13 0.541 0.606 0.013 0.020
13 0.562 0.617 0.011 0.019
13 0.471 0.613 0.013 0.024
13 0.460 0.608 0.015 0.020
13 0.511 0.594 0.011 0.020
13 0.478 0.580 0.011 0.020
13 0.666 0.591 0.050 0.045
13 0.686 0.556 0.034 0.028
13 0.700 0.547 0.037 0.031
13 0.289 0.542 0.016 0.022
13 0.302 0.546 0.010 0.015
13 0.326 0.519 0.011 0.019
13 0.339 0.523 0.013 0.021
13 0.357 0.532 0.010 0.019
13 0.368 0.536 0.011 0.021
13 0.378 0.542 0.011 0.019
13 0.328 0.554 0.011 0.022
13 0.339 0.559 0.011 0.019
13 0.350 0.562 0.013 0.022
13 0.362 0.566 0.013 0.020
13 0.383 0.575 0.016 0.022
13 0.417 0.591 0.014 0.019
13 0.399 0.548 0.011 0.021
13 0.450 0.569 0.013 0.018
13 0.441 0.565 0.014 0.020
13 0.427 0.595 0.011 0.020
13 0.339 0.459 0.016 0.025
13 0.351 0.463 0.014 0.020
13 0.330 0.440 0.015 0.020
13 0.362 0.466 0.016 0.025
13 0.372 0.470 0.013 0.020
13 0.404 0.482 0.014 0.022
13 0.414 0.487 0.016 0.022
13 0.426 0.491 0.013 0.022
13 0.436 0.497 0.015 0.022
13 0.448 0.501 0.013 0.021
13 0.468 0.509 0.011 0.021
13 0.458 0.506 0.013 0.019
13 0.489 0.519 0.013 0.021
13 0.499 0.522 0.014 0.022
13 0.512 0.526 0.014 0.018
13 0.522 0.530 0.011 0.020
13 0.542 0.540 0.014 0.022
13 0.532 0.536 0.011 0.019
13 0.563 0.548 0.014 0.024
13 0.573 0.552 0.011 0.021
13 0.594 0.563 0.014 0.024
13 0.617 0.571 0.011 0.021
13 0.627 0.574 0.011 0.021
13 0.637 0.579 0.013 0.022
13 0.416 0.459 0.028 0.016
13 0.431 0.426 0.026 0.018
13 0.404 0.411 0.014 0.024
13 0.436 0.411 0.039 0.021
13 0.444 0.395 0.030 0.018
13 0.448 0.380 0.034 0.018
13 0.458 0.367 0.035 0.016
13 0.460 0.349 0.025 0.014
13 0.431 0.329 0.026 0.035
13 0.468 0.334 0.028 0.018
13 0.472 0.318 0.028 0.018
13 0.453 0.283 0.022 0.029
13 0.466 0.258 0.013 0.018
13 0.512 0.226 0.035 0.021
13 0.526 0.206 0.029 0.015
13 0.509 0.239 0.035 0.016
13 0.501 0.258 0.034 0.019
13 0.489 0.287 0.031 0.013
13 0.477 0.301 0.028 0.015
13 0.622 0.221 0.031 0.025
13 0.612 0.236 0.036 0.020
13 0.655 0.261 0.040 0.024
13 0.606 0.251 0.031 0.019
13 0.598 0.263 0.035 0.021
13 0.645 0.280 0.037 0.022
13 0.639 0.295 0.036 0.020
13 0.629 0.317 0.035 0.019
13 0.593 0.277 0.034 0.019
13 0.584 0.289 0.034 0.019
13 0.579 0.304 0.035 0.020
13 0.571 0.318 0.034 0.020
13 0.561 0.343 0.030 0.019
13 0.603 0.364 0.036 0.024
13 0.559 0.355 0.035 0.020
13 0.552 0.368 0.031 0.019
13 0.592 0.381 0.026 0.020
13 0.544 0.380 0.029 0.015
13 0.586 0.393 0.034 0.019
13 0.579 0.407 0.030 0.016
13 0.539 0.393 0.030 0.020
13 0.533 0.404 0.029 0.016
13 0.574 0.420 0.026 0.015
13 0.569 0.432 0.031 0.018
13 0.527 0.416 0.024 0.013
13 0.521 0.429 0.028 0.018
13 0.515 0.441 0.028 0.016
13 0.509 0.452 0.030 0.016
13 0.561 0.445 0.024 0.018
13 0.550 0.469 0.033 0.021
13 0.542 0.481 0.030 0.018
13 0.541 0.497 0.033 0.015
13 0.531 0.507 0.031 0.021
13 0.716 0.516 0.041 0.033
13 0.661 0.506 0.029 0.021
13 0.666 0.488 0.040 0.034
13 0.677 0.476 0.031 0.022
13 0.738 0.491 0.041 0.030
13 0.726 0.502 0.033 0.025
13 0.684 0.460 0.031 0.025
13 0.707 0.436 0.031 0.025
13 0.767 0.449 0.039 0.028
13 0.730 0.388 0.045 0.034
13 0.712 0.419 0.034 0.026
13 0.799 0.404 0.044 0.034
13 0.752 0.363 0.031 0.021
13 0.764 0.349 0.035 0.026
13 0.784 0.316 0.035 0.028
13 0.843 0.339 0.040 0.030
13 0.806 0.386 0.041 0.030
13 0.819 0.372 0.045 0.036
13 0.832 0.353 0.049 0.036
13 0.853 0.321 0.045 0.037
13 0.865 0.305 0.040 0.033
13 0.828 0.254 0.037 0.030
13 0.818 0.271 0.036 0.029
13 0.876 0.287 0.039 0.030
13 0.885 0.274 0.043 0.031
13 0.934 0.351 0.013 0.018