4 0.353 0.626 0.169 0.170
10 0.756 0.354 0.357 0.650
16 0.140 0.201 0.045 0.089
16 0.195 0.201 0.043 0.090
5 0.270 0.091 0.058 0.095
5 0.506 0.206 0.058 0.095
5 0.427 0.207 0.058 0.095
5 0.349 0.207 0.058 0.095
5 0.270 0.209 0.058 0.095
5 0.505 0.087 0.058 0.095
5 0.425 0.089 0.058 0.095
5 0.346 0.090 0.058 0.095
18 0.229 0.911 0.009 0.018
18 0.151 0.632 0.021 0.014
18 0.152 0.684 0.020 0.018
18 0.148 0.657 0.021 0.015
18 0.144 0.733 0.022 0.016
18 0.976 0.093 0.007 0.014
18 0.992 0.091 0.009 0.016
18 0.792 0.899 0.011 0.016
18 0.791 0.919 0.007 0.015