11 0.517 0.206 0.070 0.104
11 0.468 0.254 0.095 0.094
11 0.414 0.371 0.121 0.124
11 0.318 0.496 0.087 0.081
11 0.247 0.595 0.095 0.077
11 0.191 0.688 0.072 0.090
11 0.145 0.776 0.095 0.081
11 0.113 0.874 0.102 0.062
11 0.101 0.953 0.102 0.060
11 0.536 0.546 0.449 0.596
18 0.807 0.119 0.026 0.031
18 0.749 0.916 0.026 0.021
18 0.807 0.838 0.029 0.024
18 0.859 0.802 0.033 0.028
18 0.849 0.771 0.035 0.028
13 0.194 0.789 0.039 0.064
13 0.230 0.708 0.050 0.074
13 0.355 0.514 0.058 0.076
13 0.432 0.416 0.041 0.051
13 0.331 0.805 0.059 0.040
13 0.454 0.635 0.039 0.033
13 0.516 0.537 0.051 0.041
13 0.566 0.465 0.046 0.040
13 0.598 0.427 0.048 0.034
13 0.647 0.361 0.035 0.028
13 0.482 0.703 0.060 0.080
13 0.603 0.521 0.049 0.055
13 0.486 0.588 0.055 0.035
13 0.501 0.563 0.058 0.041
13 0.661 0.341 0.030 0.030
13 0.352 0.781 0.048 0.039