11 0.619 0.501 0.466 0.271
11 0.462 0.814 0.386 0.323
13 0.885 0.254 0.025 0.054
13 0.306 0.751 0.081 0.130
13 0.337 0.796 0.074 0.120
13 0.393 0.826 0.072 0.105
13 0.486 0.876 0.074 0.119
13 0.526 0.912 0.076 0.125
13 0.391 0.686 0.041 0.064
13 0.436 0.701 0.050 0.075
13 0.469 0.718 0.050 0.074
13 0.629 0.802 0.056 0.091
13 0.419 0.458 0.069 0.158
13 0.453 0.510 0.030 0.070
13 0.529 0.418 0.040 0.081
13 0.497 0.526 0.043 0.086
13 0.579 0.555 0.041 0.083
13 0.618 0.564 0.035 0.083
13 0.572 0.423 0.049 0.096
13 0.619 0.440 0.028 0.062
13 0.652 0.453 0.040 0.092
13 0.813 0.460 0.039 0.077
13 0.739 0.476 0.051 0.099
13 0.706 0.594 0.039 0.083
13 0.667 0.585 0.040 0.075