11 0.379 0.552 0.203 0.709
13 0.439 0.308 0.052 0.024
13 0.432 0.395 0.051 0.022
13 0.417 0.474 0.056 0.026
13 0.409 0.504 0.052 0.025
13 0.396 0.586 0.044 0.020
13 0.394 0.618 0.051 0.026
13 0.381 0.671 0.051 0.024
13 0.369 0.727 0.058 0.026
13 0.365 0.751 0.050 0.024
13 0.362 0.782 0.052 0.025
13 0.357 0.808 0.050 0.024
13 0.347 0.836 0.045 0.025
13 0.344 0.873 0.054 0.026
13 0.631 0.316 0.104 0.033
13 0.708 0.327 0.020 0.026
13 0.591 0.394 0.059 0.020
13 0.669 0.391 0.055 0.024
13 0.672 0.426 0.051 0.019
13 0.681 0.517 0.061 0.021
13 0.598 0.523 0.048 0.021
13 0.678 0.551 0.056 0.020
13 0.676 0.588 0.070 0.025
13 0.674 0.620 0.040 0.015
13 0.611 0.617 0.048 0.019
13 0.596 0.649 0.043 0.020
13 0.604 0.682 0.058 0.020
13 0.596 0.712 0.041 0.019
13 0.609 0.743 0.055 0.021
13 0.682 0.712 0.059 0.021
13 0.604 0.777 0.059 0.022
13 0.608 0.830 0.055 0.022
13 0.690 0.828 0.055 0.020
13 0.608 0.862 0.054 0.021
13 0.611 0.884 0.055 0.021
13 0.590 0.951 0.022 0.059
13 0.710 0.956 0.018 0.050
13 0.738 0.948 0.022 0.066
13 0.764 0.955 0.022 0.055
13 0.869 0.931 0.025 0.066
13 0.900 0.940 0.020 0.045
13 0.832 0.804 0.051 0.051
13 0.884 0.639 0.055 0.020
13 0.866 0.530 0.051 0.022
13 0.859 0.446 0.045 0.019
11 0.641 0.647 0.165 0.631
11 0.868 0.501 0.142 0.455