11 0.436 0.518 0.774 0.231
11 0.432 0.171 0.771 0.217
11 0.448 0.831 0.752 0.175
13 0.074 0.124 0.022 0.077
13 0.141 0.116 0.022 0.077
13 0.249 0.122 0.024 0.070
13 0.351 0.110 0.037 0.083
13 0.423 0.110 0.029 0.072
13 0.461 0.117 0.026 0.064
13 0.646 0.104 0.029 0.085
13 0.692 0.107 0.029 0.068
13 0.103 0.232 0.036 0.091
13 0.144 0.214 0.020 0.062
13 0.181 0.218 0.022 0.069
13 0.286 0.219 0.029 0.069
13 0.319 0.219 0.029 0.069
13 0.391 0.212 0.029 0.069
13 0.422 0.209 0.026 0.056
13 0.499 0.210 0.028 0.068
13 0.698 0.206 0.028 0.068
13 0.112 0.464 0.039 0.117
13 0.196 0.482 0.036 0.090
13 0.240 0.464 0.037 0.113
13 0.321 0.477 0.030 0.091
13 0.369 0.468 0.030 0.096
13 0.452 0.468 0.031 0.091
13 0.492 0.465 0.034 0.102
13 0.531 0.460 0.035 0.102
13 0.574 0.462 0.033 0.099
13 0.618 0.468 0.034 0.092
13 0.662 0.471 0.028 0.083
13 0.068 0.574 0.034 0.101
13 0.121 0.593 0.028 0.083
13 0.163 0.593 0.033 0.091
13 0.239 0.587 0.029 0.084
13 0.281 0.581 0.031 0.069
13 0.321 0.588 0.034 0.083
13 0.398 0.586 0.031 0.079
13 0.434 0.585 0.034 0.087
13 0.552 0.585 0.026 0.080
13 0.591 0.581 0.033 0.090
13 0.668 0.581 0.041 0.081
13 0.714 0.571 0.028 0.075
13 0.749 0.570 0.019 0.052
13 0.084 0.796 0.025 0.068
13 0.084 0.877 0.019 0.062
13 0.119 0.887 0.022 0.068
13 0.153 0.881 0.024 0.055
13 0.182 0.875 0.018 0.055
13 0.212 0.787 0.022 0.059
13 0.246 0.874 0.028 0.050
13 0.281 0.869 0.022 0.055
13 0.343 0.790 0.016 0.052
13 0.407 0.876 0.025 0.066
13 0.440 0.871 0.020 0.052
13 0.469 0.877 0.028 0.076
13 0.465 0.785 0.022 0.055
13 0.501 0.790 0.022 0.052
13 0.531 0.791 0.022 0.052
13 0.600 0.782 0.022 0.052
13 0.627 0.784 0.022 0.052
13 0.691 0.789 0.020 0.045
13 0.724 0.782 0.028 0.074
13 0.690 0.867 0.020 0.056
13 0.726 0.862 0.020 0.056
13 0.661 0.875 0.025 0.072
13 0.634 0.867 0.022 0.044
13 0.596 0.866 0.025 0.059
13 0.565 0.864 0.025 0.059
13 0.535 0.867 0.025 0.059
13 0.501 0.869 0.025 0.059