11 0.736 0.506 0.369 0.701
11 0.384 0.509 0.333 0.711
11 0.109 0.458 0.216 0.519
13 0.066 0.258 0.098 0.034
13 0.352 0.274 0.086 0.030
13 0.474 0.383 0.099 0.030
13 0.362 0.398 0.081 0.028
13 0.472 0.423 0.087 0.029
13 0.368 0.549 0.081 0.030
13 0.179 0.536 0.058 0.028
13 0.183 0.599 0.061 0.026
13 0.486 0.611 0.096 0.030
13 0.492 0.646 0.111 0.033
13 0.383 0.708 0.085 0.026
13 0.490 0.683 0.102 0.034
13 0.496 0.757 0.105 0.031
13 0.378 0.812 0.089 0.034
13 0.485 0.797 0.075 0.028
13 0.728 0.209 0.036 0.062
13 0.835 0.438 0.128 0.039
13 0.701 0.539 0.100 0.033
13 0.709 0.578 0.100 0.033
13 0.703 0.611 0.100 0.033