11 0.921 0.901 0.096 0.099
11 0.922 0.698 0.087 0.115
11 0.900 0.499 0.125 0.209
11 0.807 0.882 0.058 0.144
11 0.623 0.784 0.251 0.147
11 0.736 0.232 0.269 0.269
11 0.279 0.086 0.080 0.094
11 0.072 0.229 0.141 0.212
13 0.037 0.252 0.050 0.041
13 0.114 0.196 0.052 0.068
13 0.627 0.188 0.041 0.054
13 0.672 0.199 0.035 0.061
13 0.719 0.259 0.045 0.062
13 0.792 0.302 0.046 0.064
13 0.819 0.329 0.059 0.062
13 0.872 0.419 0.066 0.039
13 0.876 0.491 0.070 0.035
13 0.887 0.542 0.087 0.028
13 0.902 0.588 0.083 0.029
13 0.920 0.666 0.070 0.028
13 0.913 0.730 0.066 0.035
13 0.521 0.772 0.022 0.052
13 0.574 0.749 0.026 0.058
13 0.616 0.757 0.031 0.072
13 0.704 0.771 0.031 0.077
13 0.806 0.843 0.021 0.061
13 0.886 0.899 0.026 0.054
13 0.932 0.886 0.030 0.069
13 0.290 0.101 0.040 0.060