11 0.118 0.564 0.176 0.463
11 0.376 0.551 0.165 0.448
11 0.667 0.519 0.166 0.416
18 0.956 0.847 0.029 0.011
11 0.904 0.523 0.165 0.421
13 0.051 0.363 0.044 0.021
13 0.068 0.418 0.086 0.029
13 0.175 0.406 0.048 0.026
13 0.066 0.504 0.084 0.034
13 0.067 0.595 0.086 0.030
13 0.165 0.615 0.058 0.028
13 0.323 0.360 0.051 0.028
13 0.418 0.408 0.061 0.026
13 0.419 0.446 0.061 0.026
13 0.407 0.526 0.061 0.026
13 0.329 0.573 0.061 0.026
13 0.421 0.573 0.040 0.028
13 0.632 0.351 0.061 0.026
13 0.626 0.435 0.074 0.028
13 0.618 0.468 0.054 0.029
13 0.712 0.467 0.054 0.029
13 0.641 0.553 0.054 0.029
13 0.624 0.621 0.060 0.025
13 0.714 0.629 0.046 0.020
13 0.847 0.414 0.046 0.020
13 0.935 0.399 0.092 0.035
13 0.920 0.585 0.065 0.028
13 0.921 0.625 0.065 0.028