11 0.300 0.128 0.125 0.029
11 0.652 0.590 0.110 0.240
11 0.210 0.780 0.122 0.105
13 0.536 0.258 0.024 0.031
11 0.233 0.667 0.119 0.055
11 0.354 0.388 0.102 0.191
13 0.580 0.374 0.025 0.048
13 0.696 0.394 0.022 0.045
13 0.791 0.406 0.015 0.041
13 0.386 0.903 0.022 0.036
13 0.486 0.883 0.015 0.024
13 0.550 0.929 0.015 0.028
11 0.429 0.543 0.412 0.164
13 0.619 0.603 0.015 0.033
13 0.227 0.824 0.046 0.020
13 0.231 0.791 0.035 0.018
13 0.241 0.745 0.030 0.018
13 0.689 0.495 0.034 0.018
13 0.685 0.513 0.040 0.026
13 0.674 0.548 0.048 0.024
13 0.661 0.584 0.035 0.020
13 0.643 0.656 0.044 0.020
13 0.630 0.689 0.043 0.020
13 0.614 0.554 0.019 0.034
13 0.579 0.597 0.021 0.041
13 0.560 0.539 0.022 0.035
13 0.562 0.594 0.022 0.037
13 0.543 0.587 0.024 0.039
13 0.543 0.534 0.021 0.035
13 0.527 0.525 0.024 0.040
13 0.509 0.521 0.018 0.037
13 0.509 0.575 0.024 0.037
13 0.476 0.566 0.015 0.024
13 0.442 0.550 0.019 0.028
13 0.456 0.511 0.015 0.026
13 0.424 0.495 0.020 0.037
13 0.402 0.495 0.014 0.025
13 0.386 0.486 0.022 0.035
13 0.366 0.486 0.013 0.025
13 0.357 0.526 0.019 0.029
13 0.338 0.519 0.019 0.030
13 0.321 0.513 0.018 0.029
13 0.306 0.509 0.019 0.029
13 0.273 0.501 0.016 0.026
13 0.326 0.469 0.021 0.031
13 0.311 0.454 0.019 0.036
13 0.345 0.448 0.028 0.014
13 0.325 0.401 0.022 0.037
13 0.352 0.417 0.029 0.018
13 0.340 0.357 0.018 0.033
13 0.369 0.367 0.031 0.019
13 0.375 0.352 0.033 0.015
13 0.379 0.333 0.026 0.021
13 0.384 0.319 0.033 0.020
13 0.389 0.302 0.034 0.020
13 0.343 0.134 0.043 0.015