11 0.755 0.344 0.260 0.578
11 0.393 0.267 0.265 0.426
11 0.158 0.124 0.111 0.110
11 0.580 0.832 0.527 0.239
13 0.159 0.121 0.026 0.036
13 0.184 0.108 0.020 0.039
13 0.201 0.151 0.021 0.040
13 0.356 0.096 0.069 0.020
13 0.349 0.124 0.061 0.022
13 0.351 0.159 0.074 0.024
13 0.350 0.191 0.068 0.024
13 0.340 0.226 0.068 0.024
13 0.338 0.261 0.062 0.028
13 0.343 0.341 0.062 0.028
13 0.339 0.371 0.076 0.026
13 0.333 0.412 0.076 0.026
13 0.321 0.452 0.098 0.034
13 0.454 0.450 0.081 0.025
13 0.454 0.336 0.066 0.019
13 0.451 0.372 0.066 0.019
13 0.456 0.302 0.068 0.025
13 0.457 0.263 0.066 0.021
13 0.459 0.229 0.074 0.026
13 0.454 0.194 0.071 0.021
13 0.461 0.159 0.065 0.024
13 0.456 0.124 0.065 0.024
13 0.450 0.094 0.065 0.024
13 0.812 0.078 0.066 0.029
13 0.707 0.102 0.066 0.028
13 0.701 0.138 0.066 0.028
13 0.701 0.170 0.066 0.028
13 0.696 0.205 0.066 0.028
13 0.698 0.239 0.066 0.028
13 0.698 0.273 0.066 0.028
13 0.688 0.309 0.079 0.029
13 0.701 0.346 0.069 0.021
13 0.689 0.382 0.069 0.021
13 0.699 0.416 0.069 0.021
13 0.687 0.454 0.089 0.024
13 0.688 0.487 0.083 0.029
13 0.684 0.526 0.098 0.033
13 0.677 0.562 0.098 0.033
13 0.679 0.605 0.098 0.033
13 0.807 0.605 0.079 0.025
13 0.807 0.570 0.066 0.025
13 0.817 0.528 0.094 0.029
13 0.795 0.492 0.068 0.029
13 0.801 0.452 0.068 0.029
13 0.805 0.422 0.065 0.025
13 0.809 0.384 0.065 0.025
13 0.810 0.343 0.080 0.026
13 0.815 0.314 0.080 0.026
13 0.812 0.274 0.080 0.026
13 0.810 0.243 0.080 0.026
13 0.809 0.207 0.080 0.026
13 0.812 0.177 0.080 0.026
13 0.809 0.141 0.075 0.022
13 0.357 0.760 0.029 0.083
13 0.399 0.766 0.029 0.083
13 0.438 0.769 0.029 0.083
13 0.477 0.781 0.029 0.083
13 0.512 0.771 0.029 0.083
13 0.553 0.779 0.029 0.083
13 0.587 0.788 0.026 0.076
13 0.623 0.792 0.026 0.076
13 0.663 0.789 0.026 0.076
13 0.699 0.798 0.026 0.076
13 0.746 0.799 0.026 0.061
13 0.773 0.798 0.026 0.061
13 0.817 0.799 0.026 0.061
13 0.809 0.903 0.029 0.074
13 0.771 0.891 0.026 0.064
13 0.734 0.899 0.026 0.064
13 0.698 0.900 0.034 0.085
13 0.661 0.889 0.026 0.064
13 0.625 0.899 0.037 0.101
13 0.588 0.886 0.028 0.071
13 0.542 0.884 0.028 0.071
13 0.510 0.884 0.028 0.071
13 0.466 0.877 0.028 0.071
13 0.432 0.872 0.028 0.071
13 0.391 0.877 0.028 0.071
13 0.341 0.872 0.029 0.066