11 0.581 0.426 0.604 0.532
13 0.480 0.303 0.020 0.036
13 0.724 0.426 0.040 0.028
13 0.769 0.449 0.035 0.019
13 0.781 0.479 0.028 0.014
13 0.805 0.537 0.022 0.015
13 0.848 0.621 0.018 0.036
13 0.681 0.552 0.026 0.058
13 0.712 0.570 0.016 0.028
13 0.703 0.606 0.011 0.019
13 0.724 0.607 0.013 0.024
13 0.568 0.597 0.030 0.014
13 0.264 0.435 0.025 0.015
13 0.468 0.544 0.019 0.013
13 0.411 0.587 0.010 0.019
13 0.497 0.796 0.052 0.018
13 0.394 0.733 0.010 0.018
13 0.313 0.548 0.021 0.011
13 0.234 0.369 0.022 0.015
13 0.134 0.123 0.013 0.016
13 0.621 0.656 0.025 0.013
13 0.604 0.586 0.022 0.015
13 0.574 0.494 0.018 0.011
13 0.439 0.486 0.021 0.013
13 0.481 0.586 0.019 0.013
13 0.753 0.695 0.011 0.022
13 0.296 0.194 0.021 0.029
13 0.308 0.200 0.016 0.025
13 0.347 0.191 0.018 0.013
13 0.321 0.208 0.021 0.029
13 0.333 0.214 0.018 0.026
13 0.358 0.228 0.019 0.028
13 0.371 0.234 0.021 0.029
13 0.396 0.251 0.021 0.026
13 0.408 0.258 0.024 0.035
13 0.420 0.265 0.022 0.028
13 0.444 0.281 0.021 0.035
13 0.457 0.289 0.019 0.033
13 0.508 0.309 0.019 0.021
13 0.517 0.324 0.022 0.031
13 0.532 0.324 0.015 0.020
13 0.542 0.336 0.028 0.035
13 0.557 0.344 0.024 0.033
13 0.574 0.353 0.024 0.034
13 0.588 0.356 0.016 0.024
13 0.600 0.364 0.018 0.025
13 0.613 0.373 0.025 0.034
13 0.647 0.391 0.019 0.026
13 0.659 0.398 0.019 0.025
13 0.681 0.414 0.020 0.033
13 0.670 0.404 0.018 0.024
13 0.539 0.453 0.020 0.018
13 0.547 0.458 0.018 0.019
13 0.559 0.476 0.019 0.019
13 0.542 0.504 0.021 0.011
13 0.546 0.515 0.021 0.010
13 0.580 0.517 0.022 0.013
13 0.547 0.528 0.025 0.009
13 0.586 0.542 0.024 0.011
13 0.551 0.540 0.020 0.010
13 0.588 0.552 0.021 0.009
13 0.594 0.563 0.025 0.014
13 0.608 0.609 0.024 0.014
13 0.610 0.621 0.022 0.011
13 0.578 0.619 0.025 0.011
13 0.499 0.639 0.016 0.009
13 0.474 0.631 0.010 0.019
13 0.583 0.642 0.026 0.013
13 0.587 0.654 0.024 0.011
13 0.592 0.666 0.026 0.013
13 0.596 0.679 0.021 0.014
13 0.629 0.679 0.021 0.014
13 0.635 0.690 0.028 0.013
13 0.639 0.702 0.025 0.016
13 0.642 0.714 0.020 0.013
13 0.618 0.748 0.024 0.013
13 0.621 0.759 0.026 0.014
13 0.626 0.771 0.019 0.011
13 0.548 0.788 0.021 0.011
13 0.544 0.778 0.022 0.011
13 0.539 0.766 0.019 0.010
13 0.536 0.757 0.021 0.011
13 0.528 0.736 0.016 0.010
13 0.517 0.703 0.022 0.011
13 0.501 0.651 0.019 0.013
13 0.266 0.447 0.020 0.014
11 0.646 0.599 0.325 0.390
11 0.459 0.613 0.201 0.472
11 0.431 0.682 0.111 0.347
11 0.295 0.551 0.292 0.629