13 0.468 0.518 0.050 0.199
13 0.530 0.552 0.022 0.065
13 0.618 0.911 0.049 0.019
13 0.264 0.943 0.081 0.022
13 0.274 0.378 0.194 0.059
13 0.835 0.622 0.092 0.031
13 0.946 0.516 0.050 0.241
13 0.835 0.501 0.090 0.030
13 0.826 0.393 0.081 0.025
13 0.846 0.352 0.074 0.026
13 0.843 0.234 0.074 0.026
18 0.710 0.126 0.028 0.011
18 0.654 0.168 0.014 0.026
13 0.856 0.271 0.049 0.020
13 0.843 0.539 0.079 0.024
13 0.851 0.676 0.099 0.054
11 0.879 0.444 0.201 0.530
11 0.520 0.404 0.180 0.504
11 0.213 0.231 0.411 0.357