11 0.390 0.576 0.688 0.520
11 0.780 0.891 0.438 0.219
13 0.498 0.235 0.139 0.177
13 0.137 0.578 0.121 0.168
13 0.206 0.529 0.154 0.203
13 0.325 0.499 0.070 0.101
13 0.367 0.444 0.122 0.161
13 0.432 0.401 0.119 0.176
13 0.503 0.400 0.071 0.105
13 0.559 0.391 0.052 0.080
13 0.677 0.521 0.121 0.179
13 0.576 0.541 0.091 0.136
13 0.524 0.569 0.084 0.122
13 0.361 0.680 0.095 0.140
13 0.251 0.741 0.106 0.160
13 0.806 0.906 0.068 0.098
13 0.839 0.881 0.077 0.114
13 0.886 0.838 0.083 0.117
13 0.705 0.956 0.068 0.087