11 0.346 0.168 0.625 0.160
11 0.344 0.472 0.621 0.201
11 0.761 0.534 0.211 0.904
13 0.441 0.705 0.136 0.052
13 0.066 0.185 0.044 0.120
13 0.124 0.181 0.045 0.109
13 0.179 0.191 0.045 0.109
13 0.234 0.177 0.041 0.102
13 0.299 0.182 0.041 0.102
13 0.409 0.173 0.037 0.091
13 0.461 0.182 0.037 0.102
13 0.525 0.184 0.037 0.102
13 0.571 0.176 0.040 0.098
13 0.071 0.449 0.035 0.090
13 0.122 0.448 0.043 0.104
13 0.177 0.438 0.048 0.133
13 0.241 0.441 0.046 0.122
13 0.296 0.458 0.031 0.095
13 0.344 0.452 0.031 0.099
13 0.407 0.454 0.031 0.099
13 0.458 0.447 0.035 0.106
13 0.517 0.438 0.043 0.121
13 0.574 0.451 0.040 0.101
13 0.632 0.452 0.040 0.101
13 0.371 0.547 0.120 0.044
13 0.560 0.552 0.120 0.044
13 0.762 0.146 0.150 0.050
13 0.759 0.210 0.133 0.048
13 0.767 0.278 0.165 0.049
13 0.758 0.337 0.139 0.046
13 0.777 0.401 0.177 0.059
13 0.768 0.462 0.174 0.049
13 0.748 0.519 0.131 0.048
13 0.767 0.584 0.151 0.051
13 0.761 0.646 0.151 0.051
13 0.761 0.708 0.147 0.049
13 0.757 0.837 0.133 0.039
13 0.756 0.896 0.142 0.055
13 0.741 0.956 0.117 0.039
13 0.644 0.204 0.029 0.071