11 0.285 0.111 0.255 0.102
11 0.350 0.296 0.515 0.206
11 0.354 0.569 0.492 0.234
11 0.454 0.870 0.584 0.185
13 0.289 0.113 0.025 0.018
13 0.284 0.217 0.045 0.018
13 0.223 0.291 0.045 0.086
13 0.184 0.378 0.086 0.028
13 0.258 0.281 0.037 0.075
13 0.295 0.282 0.045 0.084
13 0.338 0.277 0.026 0.054
13 0.379 0.270 0.028 0.043
13 0.360 0.214 0.048 0.021
13 0.432 0.214 0.044 0.015
13 0.493 0.215 0.046 0.020
13 0.569 0.283 0.045 0.091
13 0.491 0.286 0.040 0.085
13 0.454 0.280 0.048 0.085
13 0.216 0.533 0.040 0.081
13 0.154 0.558 0.041 0.024
13 0.188 0.517 0.022 0.050
13 0.196 0.644 0.031 0.055
13 0.226 0.637 0.056 0.089
13 0.266 0.623 0.037 0.070
13 0.306 0.620 0.030 0.068
13 0.340 0.618 0.037 0.070
13 0.380 0.615 0.037 0.070
13 0.453 0.616 0.037 0.070
13 0.416 0.606 0.033 0.052
13 0.527 0.611 0.050 0.087
13 0.507 0.626 0.020 0.035
13 0.566 0.606 0.045 0.079
13 0.259 0.519 0.040 0.089
13 0.295 0.521 0.028 0.081
13 0.331 0.526 0.026 0.052
13 0.378 0.516 0.043 0.083
13 0.409 0.514 0.043 0.092
13 0.444 0.515 0.034 0.072
13 0.481 0.508 0.046 0.091
13 0.518 0.516 0.039 0.076
13 0.558 0.506 0.044 0.098
13 0.717 0.879 0.054 0.139
13 0.631 0.884 0.034 0.080
13 0.586 0.887 0.034 0.080
13 0.543 0.897 0.034 0.066
13 0.512 0.896 0.034 0.066
13 0.465 0.906 0.035 0.083
13 0.391 0.914 0.030 0.049
13 0.352 0.913 0.030 0.049
13 0.311 0.907 0.026 0.044
13 0.266 0.912 0.026 0.046
13 0.259 0.839 0.021 0.046
13 0.344 0.834 0.020 0.043
13 0.374 0.830 0.030 0.052
13 0.404 0.829 0.022 0.043
13 0.463 0.817 0.021 0.051
13 0.436 0.821 0.025 0.051
13 0.504 0.816 0.021 0.040
13 0.533 0.813 0.021 0.044
13 0.571 0.811 0.021 0.040
13 0.599 0.806 0.021 0.040
13 0.631 0.804 0.021 0.040
13 0.663 0.801 0.021 0.040
13 0.372 0.145 0.058 0.043