18 0.079 0.197 0.024 0.014
11 0.708 0.354 0.499 0.705
13 0.237 0.816 0.050 0.037
13 0.911 0.205 0.090 0.092
13 0.850 0.287 0.050 0.072
13 0.792 0.359 0.052 0.072
13 0.723 0.446 0.071 0.079
13 0.614 0.576 0.037 0.035
13 0.772 0.255 0.045 0.048
13 0.649 0.408 0.031 0.029
13 0.636 0.453 0.035 0.034
13 0.807 0.224 0.041 0.030
13 0.254 0.846 0.049 0.030
13 0.147 0.874 0.054 0.041
11 0.160 0.877 0.270 0.166
13 0.754 0.294 0.077 0.068
13 0.740 0.326 0.050 0.040
13 0.715 0.362 0.052 0.048
13 0.683 0.386 0.044 0.036