13 0.634 0.907 0.014 0.029
13 0.603 0.792 0.018 0.026
13 0.639 0.726 0.015 0.030
13 0.697 0.688 0.011 0.022
13 0.791 0.592 0.013 0.024
13 0.734 0.471 0.018 0.029
13 0.639 0.449 0.020 0.016
13 0.670 0.440 0.018 0.020
13 0.693 0.412 0.020 0.015
13 0.612 0.363 0.016 0.019
13 0.697 0.349 0.019 0.015
13 0.784 0.350 0.015 0.015
13 0.569 0.178 0.037 0.016
13 0.340 0.251 0.043 0.025
13 0.251 0.044 0.031 0.019
13 0.270 0.092 0.037 0.018
13 0.302 0.174 0.030 0.016
13 0.185 0.117 0.028 0.013
13 0.098 0.066 0.015 0.020
13 0.146 0.106 0.015 0.020
13 0.133 0.013 0.030 0.024
13 0.296 0.381 0.018 0.026
13 0.268 0.376 0.007 0.016
13 0.325 0.379 0.013 0.029
13 0.362 0.376 0.011 0.025
13 0.322 0.472 0.011 0.028
13 0.392 0.464 0.011 0.034
13 0.253 0.472 0.009 0.022
13 0.411 0.529 0.041 0.014
13 0.409 0.600 0.041 0.018
13 0.296 0.560 0.028 0.013
13 0.295 0.591 0.022 0.011
13 0.404 0.645 0.020 0.010
13 0.267 0.618 0.024 0.010
13 0.246 0.637 0.034 0.014
13 0.242 0.674 0.021 0.011
13 0.321 0.668 0.022 0.011
13 0.439 0.674 0.030 0.013
13 0.404 0.682 0.022 0.009
13 0.438 0.723 0.030 0.009
13 0.406 0.724 0.026 0.011
13 0.440 0.786 0.033 0.011
13 0.449 0.875 0.044 0.020
13 0.444 0.932 0.043 0.021
13 0.300 0.772 0.025 0.010
13 0.302 0.858 0.029 0.011
13 0.406 0.768 0.019 0.009
13 0.406 0.846 0.026 0.011
13 0.407 0.868 0.025 0.014
13 0.403 0.913 0.021 0.009
13 0.338 0.870 0.029 0.013
13 0.338 0.914 0.029 0.011
13 0.342 0.939 0.024 0.015
13 0.244 0.703 0.015 0.011
13 0.246 0.729 0.019 0.013
13 0.245 0.753 0.018 0.011
13 0.249 0.800 0.026 0.010
13 0.253 0.859 0.021 0.009
13 0.256 0.924 0.019 0.018
13 0.289 0.951 0.024 0.010
13 0.416 0.991 0.066 0.019
13 0.398 0.964 0.019 0.010
13 0.405 0.789 0.025 0.011
13 0.303 0.901 0.024 0.009
13 0.306 0.929 0.024 0.010
13 0.566 0.343 0.025 0.020
13 0.583 0.306 0.019 0.021
13 0.584 0.334 0.019 0.018
13 0.594 0.357 0.016 0.018
13 0.621 0.338 0.013 0.016
13 0.666 0.342 0.018 0.014
13 0.721 0.313 0.011 0.011
13 0.338 0.469 0.010 0.031
13 0.358 0.467 0.011 0.026
13 0.369 0.596 0.026 0.010
13 0.438 0.706 0.026 0.010
13 0.298 0.757 0.026 0.009
13 0.441 0.754 0.034 0.011
13 0.440 0.821 0.033 0.013
13 0.335 0.839 0.025 0.015
13 0.336 0.811 0.022 0.009
13 0.302 0.843 0.021 0.010
13 0.255 0.896 0.018 0.009
13 0.253 0.883 0.021 0.009
13 0.248 0.823 0.024 0.009
13 0.248 0.776 0.019 0.011
13 0.284 0.984 0.022 0.022
13 0.318 0.987 0.030 0.014
13 0.297 0.156 0.030 0.018
13 0.413 0.547 0.034 0.014
13 0.107 0.075 0.016 0.018
13 0.187 0.128 0.026 0.014
13 0.192 0.142 0.024 0.015
13 0.195 0.152 0.020 0.013
13 0.203 0.163 0.025 0.018
13 0.278 0.109 0.034 0.019
13 0.282 0.124 0.035 0.019
13 0.583 0.195 0.030 0.010
13 0.296 0.684 0.020 0.009
13 0.328 0.686 0.031 0.011
13 0.329 0.701 0.031 0.011
13 0.299 0.728 0.022 0.011
13 0.248 0.789 0.024 0.010
13 0.249 0.811 0.020 0.007
13 0.271 0.630 0.013 0.007
13 0.242 0.654 0.026 0.011
13 0.404 0.659 0.024 0.010
13 0.405 0.693 0.020 0.009
13 0.404 0.702 0.019 0.009
13 0.440 0.736 0.025 0.010
13 0.406 0.737 0.024 0.011
13 0.406 0.758 0.020 0.009
13 0.439 0.769 0.033 0.010
13 0.438 0.801 0.029 0.011
13 0.299 0.786 0.021 0.009
13 0.304 0.872 0.022 0.011
13 0.337 0.854 0.029 0.013
13 0.334 0.884 0.022 0.013
13 0.248 0.837 0.024 0.011
13 0.251 0.848 0.020 0.011
13 0.254 0.871 0.019 0.009
13 0.338 0.901 0.029 0.011
13 0.407 0.889 0.026 0.011
13 0.448 0.912 0.054 0.020
13 0.447 0.838 0.041 0.016
13 0.446 0.858 0.041 0.015
18 0.637 0.089 0.011 0.015
18 0.811 0.289 0.011 0.013
18 0.844 0.297 0.018 0.018
13 0.763 0.338 0.019 0.016
13 0.546 0.343 0.018 0.014
13 0.568 0.359 0.028 0.020
13 0.623 0.371 0.018 0.020
13 0.630 0.380 0.020 0.022
13 0.639 0.390 0.018 0.022
13 0.682 0.366 0.015 0.014
13 0.647 0.459 0.021 0.018
13 0.701 0.426 0.021 0.015
18 0.006 0.352 0.009 0.009
18 0.007 0.436 0.013 0.009
18 0.046 0.294 0.019 0.015
18 0.046 0.779 0.016 0.010
18 0.189 0.792 0.021 0.010
18 0.194 0.804 0.015 0.007
18 0.194 0.818 0.016 0.010
18 0.186 0.828 0.015 0.009
18 0.196 0.839 0.014 0.007
18 0.196 0.870 0.018 0.007
18 0.089 0.879 0.015 0.020
18 0.120 0.881 0.010 0.018
18 0.133 0.882 0.009 0.016
18 0.144 0.886 0.010 0.018
18 0.153 0.887 0.006 0.016
18 0.094 0.958 0.013 0.016
18 0.126 0.951 0.009 0.018
18 0.135 0.952 0.007 0.019
18 0.189 0.953 0.019 0.009
18 0.185 0.975 0.022 0.010
13 0.406 0.801 0.028 0.010
13 0.406 0.832 0.028 0.011
11 0.064 0.105 0.111 0.110
11 0.203 0.128 0.254 0.237
11 0.258 0.271 0.220 0.102
11 0.286 0.476 0.306 0.270
11 0.306 0.806 0.354 0.389
11 0.569 0.176 0.080 0.069
11 0.631 0.344 0.205 0.130
11 0.739 0.393 0.237 0.166
11 0.812 0.443 0.193 0.102
11 0.847 0.605 0.141 0.070
11 0.796 0.917 0.091 0.043