11 0.432 0.234 0.485 0.207
11 0.150 0.389 0.120 0.357
11 0.475 0.725 0.270 0.310
11 0.873 0.705 0.254 0.315
11 0.480 0.526 0.958 0.139
11 0.126 0.739 0.250 0.326
13 0.859 0.991 0.069 0.018
13 0.082 0.888 0.046 0.016
13 0.046 0.766 0.085 0.021
13 0.043 0.704 0.081 0.022
13 0.059 0.670 0.090 0.025
13 0.065 0.632 0.113 0.025
13 0.048 0.600 0.068 0.018
13 0.055 0.737 0.070 0.021
13 0.405 0.588 0.072 0.025
13 0.406 0.620 0.070 0.022
13 0.406 0.679 0.077 0.029
13 0.407 0.741 0.084 0.030
13 0.417 0.779 0.064 0.019
13 0.402 0.814 0.104 0.030
13 0.406 0.860 0.119 0.033
13 0.520 0.588 0.095 0.026
13 0.517 0.620 0.076 0.020
13 0.517 0.651 0.069 0.022
13 0.522 0.682 0.068 0.019
13 0.527 0.711 0.098 0.021
13 0.518 0.741 0.074 0.022
13 0.536 0.776 0.111 0.026
13 0.526 0.811 0.083 0.028
13 0.542 0.856 0.130 0.033
13 0.784 0.575 0.071 0.028
13 0.901 0.566 0.084 0.024
13 0.914 0.598 0.105 0.029
13 0.904 0.634 0.077 0.026
13 0.899 0.667 0.075 0.025
13 0.792 0.607 0.068 0.024
13 0.791 0.639 0.077 0.020
13 0.788 0.671 0.071 0.020
13 0.792 0.732 0.089 0.026
13 0.800 0.705 0.072 0.025
13 0.921 0.703 0.113 0.033
13 0.104 0.522 0.025 0.064
13 0.127 0.464 0.024 0.050
13 0.186 0.366 0.029 0.066
13 0.216 0.290 0.034 0.090
13 0.163 0.312 0.021 0.043
13 0.179 0.237 0.026 0.062
13 0.255 0.273 0.018 0.056
13 0.218 0.179 0.019 0.056
13 0.253 0.181 0.021 0.055
13 0.286 0.181 0.026 0.056
13 0.323 0.172 0.021 0.062
13 0.263 0.515 0.022 0.083
13 0.161 0.511 0.050 0.104
13 0.204 0.524 0.026 0.077
13 0.292 0.527 0.020 0.061
13 0.320 0.524 0.022 0.060
13 0.350 0.517 0.020 0.074
13 0.375 0.514 0.022 0.066
13 0.406 0.522 0.020 0.056
13 0.437 0.518 0.024 0.071
13 0.322 0.271 0.031 0.069
13 0.354 0.275 0.022 0.070
13 0.389 0.267 0.016 0.049
13 0.420 0.264 0.022 0.056
13 0.456 0.263 0.019 0.055
13 0.491 0.268 0.026 0.065
13 0.524 0.256 0.021 0.052
13 0.561 0.261 0.016 0.061
13 0.602 0.264 0.024 0.068
13 0.656 0.224 0.039 0.122
13 0.349 0.180 0.019 0.045
13 0.388 0.171 0.015 0.059
13 0.416 0.175 0.022 0.050
13 0.454 0.172 0.021 0.051
13 0.488 0.164 0.019 0.064
13 0.521 0.172 0.018 0.054
13 0.556 0.163 0.021 0.061
13 0.596 0.164 0.022 0.060
13 0.061 0.846 0.114 0.037
13 0.165 0.856 0.037 0.020
13 0.216 0.861 0.048 0.018
13 0.167 0.892 0.039 0.024
13 0.215 0.892 0.043 0.015
13 0.793 0.768 0.089 0.036
13 0.792 0.800 0.091 0.028
13 0.807 0.843 0.106 0.034
13 0.902 0.734 0.069 0.020
13 0.929 0.764 0.134 0.037
13 0.917 0.799 0.086 0.031
13 0.914 0.842 0.095 0.031
13 0.934 0.503 0.028 0.081
13 0.897 0.503 0.019 0.049
13 0.871 0.500 0.019 0.045
13 0.846 0.494 0.025 0.064
13 0.818 0.499 0.021 0.070
13 0.787 0.500 0.020 0.065
13 0.760 0.512 0.022 0.065
13 0.676 0.514 0.022 0.065
13 0.651 0.503 0.021 0.069
13 0.623 0.512 0.024 0.069
13 0.593 0.512 0.022 0.071
13 0.562 0.511 0.020 0.068
13 0.537 0.513 0.022 0.066
13 0.505 0.519 0.022 0.065
13 0.479 0.513 0.022 0.066
13 0.169 0.435 0.022 0.045
13 0.185 0.437 0.018 0.044
13 0.200 0.439 0.018 0.040