11 0.466 0.539 0.506 0.802
13 0.396 0.694 0.085 0.022
13 0.509 0.664 0.060 0.018
13 0.414 0.792 0.069 0.028
13 0.427 0.888 0.058 0.021
13 0.425 0.862 0.050 0.019
13 0.416 0.822 0.062 0.021
13 0.529 0.689 0.100 0.021
13 0.254 0.616 0.066 0.016
13 0.323 0.614 0.043 0.013
13 0.405 0.619 0.087 0.024
13 0.642 0.627 0.091 0.026
13 0.611 0.576 0.015 0.048
13 0.659 0.574 0.016 0.044
13 0.703 0.579 0.018 0.050
13 0.469 0.451 0.016 0.046
13 0.507 0.443 0.013 0.043
13 0.553 0.443 0.014 0.044
13 0.573 0.437 0.016 0.031
13 0.620 0.443 0.015 0.035
13 0.646 0.442 0.014 0.031
13 0.691 0.442 0.013 0.034
13 0.306 0.577 0.018 0.036
13 0.328 0.569 0.018 0.044
13 0.349 0.569 0.019 0.046
13 0.417 0.573 0.016 0.044
13 0.443 0.568 0.015 0.055
13 0.473 0.571 0.021 0.060
13 0.495 0.572 0.020 0.059
13 0.521 0.574 0.018 0.059
13 0.542 0.575 0.015 0.052
13 0.564 0.575 0.016 0.058
13 0.507 0.728 0.074 0.022
13 0.504 0.756 0.075 0.025
13 0.509 0.793 0.079 0.024
13 0.504 0.820 0.064 0.022
13 0.504 0.857 0.060 0.021
13 0.511 0.887 0.071 0.022
13 0.502 0.396 0.011 0.025
13 0.519 0.391 0.011 0.024