11 0.249 0.457 0.409 0.876
11 0.641 0.281 0.226 0.470
11 0.624 0.706 0.255 0.588
13 0.207 0.092 0.131 0.037
13 0.085 0.090 0.080 0.028
13 0.596 0.079 0.081 0.049
13 0.584 0.228 0.090 0.033
13 0.589 0.299 0.092 0.034
13 0.585 0.413 0.102 0.034
13 0.592 0.453 0.094 0.031
13 0.605 0.560 0.152 0.035
13 0.586 0.656 0.177 0.044
13 0.623 0.748 0.105 0.036
13 0.676 0.810 0.043 0.018
13 0.621 0.810 0.037 0.020
13 0.537 0.811 0.055 0.022
13 0.656 0.905 0.039 0.018
13 0.239 0.819 0.050 0.124
13 0.230 0.593 0.040 0.101
13 0.326 0.171 0.037 0.106
13 0.340 0.302 0.055 0.160
13 0.240 0.226 0.075 0.055
13 0.233 0.310 0.105 0.080
13 0.242 0.432 0.092 0.068
13 0.276 0.477 0.107 0.074
13 0.295 0.385 0.025 0.043
13 0.142 0.526 0.086 0.061
13 0.158 0.666 0.074 0.065
13 0.156 0.569 0.064 0.045
13 0.151 0.738 0.085 0.056
13 0.219 0.522 0.022 0.034
13 0.229 0.696 0.029 0.043
13 0.158 0.770 0.075 0.055
13 0.159 0.828 0.065 0.051
13 0.152 0.876 0.051 0.035
13 0.204 0.791 0.020 0.034
13 0.190 0.851 0.035 0.026
13 0.206 0.877 0.024 0.037
13 0.672 0.621 0.019 0.013
13 0.142 0.060 0.031 0.015