11 0.798 0.571 0.179 0.429
11 0.521 0.529 0.190 0.396
11 0.206 0.198 0.221 0.258
13 0.323 0.526 0.029 0.081
13 0.363 0.609 0.024 0.030
18 0.091 0.519 0.013 0.031
18 0.072 0.520 0.011 0.025
18 0.031 0.514 0.010 0.020
13 0.144 0.158 0.061 0.028
13 0.146 0.193 0.050 0.025
13 0.266 0.166 0.099 0.029
13 0.253 0.198 0.079 0.024
13 0.258 0.234 0.049 0.019
13 0.484 0.385 0.040 0.015
13 0.479 0.421 0.069 0.030
13 0.473 0.486 0.086 0.031
13 0.573 0.463 0.075 0.028
13 0.762 0.384 0.051 0.020
13 0.856 0.416 0.051 0.020
13 0.762 0.448 0.051 0.020
13 0.760 0.479 0.070 0.029
13 0.853 0.489 0.045 0.015
13 0.764 0.514 0.036 0.020
13 0.755 0.547 0.075 0.022
13 0.845 0.584 0.058 0.020
13 0.749 0.610 0.076 0.030
13 0.750 0.672 0.075 0.028
13 0.842 0.740 0.054 0.028