11 0.581 0.807 0.494 0.154
11 0.515 0.587 0.480 0.159
11 0.494 0.412 0.445 0.140
18 0.238 0.569 0.034 0.016
18 0.244 0.634 0.028 0.014
18 0.244 0.733 0.028 0.011
18 0.163 0.777 0.039 0.018
18 0.209 0.184 0.026 0.013
18 0.256 0.362 0.013 0.035
18 0.357 0.061 0.025 0.014
18 0.307 0.059 0.034 0.015
18 0.243 0.034 0.034 0.016
18 0.026 0.089 0.026 0.014
18 0.026 0.113 0.028 0.014
18 0.039 0.141 0.020 0.009
13 0.656 0.206 0.031 0.076
13 0.622 0.216 0.036 0.076
13 0.589 0.208 0.022 0.059
13 0.546 0.221 0.018 0.041
13 0.482 0.226 0.028 0.062
13 0.703 0.398 0.029 0.081
13 0.361 0.445 0.018 0.040
13 0.312 0.453 0.016 0.049
13 0.429 0.445 0.014 0.033
13 0.481 0.449 0.016 0.048
13 0.456 0.447 0.015 0.044
13 0.552 0.446 0.018 0.040
13 0.575 0.445 0.020 0.048
13 0.623 0.434 0.016 0.040
13 0.597 0.422 0.016 0.007
13 0.647 0.436 0.015 0.039
13 0.671 0.436 0.016 0.045
13 0.659 0.386 0.015 0.035
13 0.634 0.373 0.021 0.059
13 0.598 0.377 0.019 0.051
13 0.574 0.379 0.015 0.055
13 0.546 0.402 0.020 0.009
13 0.494 0.399 0.065 0.021
13 0.427 0.393 0.019 0.037
13 0.359 0.394 0.011 0.035
13 0.314 0.387 0.014 0.031
13 0.336 0.392 0.015 0.039
13 0.706 0.634 0.024 0.065
13 0.743 0.609 0.025 0.071
13 0.315 0.630 0.028 0.060
13 0.344 0.629 0.020 0.048
13 0.437 0.633 0.026 0.061
13 0.372 0.634 0.015 0.054
13 0.323 0.547 0.025 0.074
13 0.353 0.560 0.016 0.043
13 0.407 0.632 0.018 0.049
13 0.471 0.632 0.022 0.065
13 0.641 0.634 0.022 0.058
13 0.661 0.606 0.001 0.000
13 0.672 0.631 0.022 0.055
13 0.606 0.633 0.022 0.066
13 0.569 0.631 0.021 0.060
13 0.536 0.624 0.020 0.049
13 0.508 0.626 0.019 0.050
13 0.543 0.561 0.014 0.050
13 0.682 0.567 0.016 0.044
13 0.708 0.561 0.016 0.054
13 0.627 0.571 0.015 0.034
13 0.375 0.303 0.037 0.014
13 0.490 0.569 0.015 0.037
13 0.461 0.561 0.015 0.035
13 0.432 0.568 0.018 0.037
13 0.408 0.564 0.016 0.040
13 0.378 0.566 0.016 0.036
13 0.526 0.444 0.009 0.025
13 0.688 0.180 0.016 0.035
13 0.689 0.109 0.034 0.081
13 0.641 0.111 0.033 0.066
13 0.607 0.116 0.024 0.074
13 0.578 0.131 0.018 0.039
13 0.534 0.141 0.019 0.050
13 0.891 0.108 0.018 0.036
13 0.810 0.811 0.028 0.100
13 0.477 0.831 0.021 0.061
13 0.770 0.845 0.028 0.075
13 0.734 0.847 0.022 0.074
13 0.564 0.840 0.026 0.075
13 0.599 0.836 0.030 0.076
13 0.665 0.845 0.028 0.080
13 0.386 0.836 0.022 0.062
13 0.426 0.838 0.019 0.068
13 0.349 0.778 0.011 0.021
13 0.754 0.771 0.018 0.037
13 0.775 0.776 0.015 0.029
13 0.447 0.761 0.019 0.045
13 0.476 0.763 0.018 0.049
13 0.501 0.766 0.018 0.044
13 0.534 0.764 0.018 0.050
13 0.562 0.761 0.020 0.055
13 0.588 0.767 0.019 0.049
13 0.614 0.768 0.014 0.039
13 0.641 0.761 0.018 0.054
13 0.667 0.774 0.015 0.033
13 0.697 0.769 0.019 0.049
13 0.724 0.770 0.020 0.037
13 0.536 0.839 0.029 0.070
13 0.504 0.832 0.024 0.056
13 0.451 0.824 0.015 0.028
13 0.574 0.562 0.016 0.048
13 0.600 0.569 0.015 0.040
13 0.698 0.843 0.026 0.077
13 0.632 0.838 0.026 0.076
11 0.579 0.169 0.256 0.194
13 0.361 0.769 0.021 0.034
13 0.379 0.779 0.013 0.016
13 0.386 0.773 0.014 0.026
13 0.398 0.778 0.009 0.021
13 0.408 0.778 0.011 0.021
13 0.418 0.776 0.011 0.024
13 0.415 0.757 0.020 0.013
13 0.337 0.448 0.019 0.045
13 0.383 0.443 0.016 0.034
13 0.602 0.444 0.011 0.020
13 0.537 0.193 0.009 0.016