11 0.381 0.142 0.381 0.122
11 0.439 0.799 0.106 0.275
11 0.306 0.832 0.126 0.336
11 0.367 0.572 0.291 0.106
11 0.375 0.435 0.315 0.133
11 0.369 0.286 0.331 0.156
13 0.369 0.163 0.016 0.037
13 0.512 0.145 0.015 0.030
13 0.329 0.169 0.011 0.035
13 0.289 0.174 0.013 0.037
13 0.245 0.177 0.015 0.043
13 0.200 0.188 0.013 0.033
13 0.483 0.102 0.091 0.040
13 0.324 0.111 0.022 0.046
13 0.201 0.129 0.025 0.046
13 0.250 0.126 0.020 0.030
13 0.286 0.121 0.030 0.044
13 0.476 0.303 0.019 0.054
13 0.351 0.314 0.018 0.044
13 0.269 0.324 0.016 0.044
13 0.309 0.319 0.016 0.041
13 0.431 0.302 0.016 0.039
13 0.227 0.338 0.014 0.039
13 0.449 0.244 0.015 0.040
13 0.405 0.251 0.015 0.041
13 0.495 0.237 0.022 0.049
13 0.323 0.263 0.019 0.039
13 0.381 0.258 0.013 0.037
13 0.282 0.269 0.018 0.036
13 0.216 0.286 0.026 0.069
13 0.391 0.309 0.018 0.045
13 0.427 0.461 0.015 0.037
13 0.314 0.476 0.015 0.041
13 0.236 0.484 0.014 0.040
13 0.285 0.477 0.015 0.030
13 0.498 0.406 0.046 0.013
13 0.353 0.408 0.011 0.039
13 0.412 0.403 0.013 0.046
13 0.436 0.398 0.018 0.046
13 0.228 0.427 0.019 0.050
13 0.372 0.550 0.015 0.040
13 0.481 0.536 0.015 0.035
13 0.292 0.564 0.013 0.036
13 0.328 0.606 0.015 0.040
13 0.231 0.583 0.016 0.052
13 0.456 0.590 0.014 0.035
13 0.504 0.590 0.016 0.048
13 0.393 0.596 0.011 0.036
13 0.424 0.594 0.011 0.025
13 0.267 0.609 0.011 0.033
13 0.450 0.542 0.013 0.035
13 0.335 0.802 0.037 0.011
13 0.421 0.672 0.065 0.021
13 0.469 0.800 0.033 0.013
13 0.289 0.852 0.044 0.016
13 0.429 0.868 0.033 0.014
13 0.423 0.822 0.039 0.016
13 0.471 0.831 0.033 0.016
13 0.409 0.743 0.029 0.013
13 0.443 0.461 0.011 0.029
13 0.458 0.459 0.009 0.034
13 0.474 0.458 0.015 0.033
13 0.331 0.474 0.010 0.031
13 0.346 0.474 0.011 0.034
13 0.379 0.468 0.014 0.039
13 0.362 0.468 0.014 0.033
13 0.247 0.421 0.013 0.037
13 0.269 0.419 0.015 0.040
13 0.330 0.408 0.013 0.039
13 0.394 0.405 0.015 0.037
13 0.511 0.366 0.010 0.026
13 0.502 0.394 0.035 0.010
13 0.347 0.603 0.011 0.036
13 0.241 0.274 0.016 0.034
13 0.261 0.273 0.014 0.031
13 0.292 0.869 0.034 0.013
13 0.292 0.887 0.040 0.014
13 0.295 0.907 0.045 0.018
13 0.301 0.926 0.035 0.014
13 0.301 0.944 0.039 0.016
13 0.304 0.963 0.048 0.019
13 0.309 0.983 0.035 0.019
13 0.346 0.864 0.043 0.020
13 0.333 0.786 0.039 0.016
13 0.322 0.706 0.034 0.016
13 0.456 0.722 0.033 0.014
13 0.461 0.737 0.036 0.014
13 0.486 0.149 0.010 0.033
13 0.471 0.149 0.013 0.034
13 0.457 0.153 0.011 0.031
13 0.441 0.154 0.014 0.034
13 0.386 0.164 0.013 0.037
13 0.401 0.159 0.011 0.031
13 0.418 0.159 0.014 0.031
13 0.345 0.111 0.020 0.040
13 0.364 0.110 0.029 0.043
13 0.384 0.109 0.021 0.044
13 0.407 0.108 0.014 0.036
13 0.425 0.107 0.013 0.037
13 0.514 0.098 0.020 0.030
13 0.443 0.109 0.013 0.033
13 0.457 0.106 0.011 0.030
13 0.481 0.104 0.013 0.031
13 0.468 0.107 0.011 0.029
13 0.496 0.105 0.014 0.030
13 0.307 0.128 0.014 0.022
13 0.221 0.129 0.021 0.048
13 0.216 0.182 0.014 0.039
13 0.263 0.177 0.014 0.039
13 0.304 0.171 0.013 0.034
13 0.344 0.168 0.013 0.031
13 0.523 0.146 0.014 0.031
13 0.301 0.266 0.014 0.034
13 0.342 0.264 0.016 0.034
13 0.364 0.259 0.016 0.036
13 0.422 0.251 0.011 0.033
13 0.468 0.240 0.020 0.052
13 0.501 0.306 0.024 0.064
13 0.369 0.311 0.015 0.043
13 0.328 0.316 0.016 0.040
13 0.286 0.317 0.014 0.036
13 0.246 0.328 0.015 0.048
13 0.252 0.483 0.016 0.039
13 0.372 0.403 0.018 0.048
13 0.411 0.461 0.014 0.039
13 0.458 0.392 0.015 0.051
13 0.471 0.391 0.011 0.033
13 0.308 0.559 0.014 0.034
13 0.324 0.557 0.011 0.034
13 0.386 0.550 0.014 0.037
13 0.403 0.550 0.011 0.033
13 0.418 0.546 0.011 0.033
13 0.408 0.596 0.014 0.034
13 0.471 0.588 0.014 0.033
13 0.343 0.831 0.041 0.016
13 0.339 0.848 0.036 0.015
13 0.477 0.861 0.034 0.014
13 0.478 0.877 0.034 0.015
13 0.417 0.774 0.034 0.015
13 0.416 0.791 0.037 0.019
13 0.284 0.794 0.044 0.015
13 0.282 0.774 0.043 0.018
13 0.279 0.757 0.044 0.016
13 0.273 0.738 0.051 0.020
13 0.329 0.767 0.039 0.019
13 0.328 0.752 0.034 0.014
13 0.329 0.738 0.037 0.011
13 0.344 0.879 0.035 0.011
13 0.346 0.894 0.034 0.016
13 0.350 0.927 0.035 0.011
13 0.351 0.944 0.036 0.019
13 0.268 0.679 0.039 0.022
13 0.316 0.674 0.041 0.020
13 0.318 0.689 0.036 0.014
13 0.268 0.700 0.049 0.020
13 0.276 0.719 0.036 0.013
13 0.405 0.696 0.037 0.014
13 0.407 0.711 0.036 0.014
13 0.452 0.692 0.034 0.014
13 0.454 0.705 0.031 0.013