13 0.438 0.799 0.013 0.037
13 0.522 0.796 0.019 0.043
13 0.543 0.799 0.016 0.037
13 0.584 0.797 0.014 0.035
13 0.602 0.792 0.009 0.028
13 0.623 0.794 0.019 0.048
13 0.645 0.796 0.015 0.039
13 0.667 0.794 0.013 0.040
13 0.686 0.794 0.011 0.036
13 0.706 0.794 0.016 0.039
13 0.757 0.728 0.037 0.020
13 0.830 0.507 0.033 0.013
13 0.820 0.547 0.040 0.016
13 0.800 0.610 0.035 0.015
13 0.789 0.625 0.040 0.015
13 0.780 0.666 0.030 0.011
13 0.645 0.612 0.018 0.054
13 0.623 0.611 0.022 0.062
13 0.562 0.623 0.014 0.051
13 0.523 0.624 0.019 0.060
13 0.480 0.634 0.015 0.046
13 0.461 0.636 0.016 0.048
13 0.401 0.646 0.019 0.050
13 0.325 0.682 0.083 0.041
13 0.470 0.699 0.010 0.035
13 0.528 0.691 0.014 0.034
13 0.403 0.706 0.013 0.029
13 0.338 0.716 0.015 0.028
13 0.613 0.681 0.013 0.028
13 0.625 0.682 0.013 0.028
13 0.634 0.679 0.013 0.028
13 0.481 0.801 0.020 0.039
13 0.877 0.797 0.034 0.024
13 0.567 0.688 0.011 0.034
13 0.734 0.425 0.014 0.030
13 0.743 0.481 0.009 0.028
13 0.716 0.482 0.013 0.029
13 0.708 0.429 0.011 0.033
13 0.691 0.430 0.014 0.030
13 0.698 0.484 0.011 0.029
13 0.673 0.488 0.014 0.036
13 0.664 0.435 0.014 0.033
13 0.497 0.512 0.016 0.036
13 0.657 0.306 0.014 0.030
13 0.347 0.538 0.014 0.041
13 0.514 0.452 0.013 0.046
13 0.522 0.510 0.011 0.035
13 0.287 0.329 0.031 0.045
13 0.320 0.324 0.020 0.041
13 0.701 0.297 0.019 0.037
13 0.711 0.234 0.019 0.040
13 0.688 0.242 0.014 0.037
13 0.668 0.244 0.019 0.039
13 0.497 0.289 0.011 0.034
13 0.733 0.063 0.026 0.054
13 0.636 0.071 0.035 0.059
13 0.751 0.135 0.036 0.018
13 0.426 0.182 0.031 0.044
13 0.235 0.208 0.028 0.021
13 0.203 0.156 0.024 0.016
13 0.161 0.086 0.029 0.016
13 0.147 0.057 0.033 0.016
13 0.295 0.244 0.018 0.030
13 0.338 0.048 0.022 0.031
13 0.355 0.040 0.018 0.030
13 0.133 0.173 0.029 0.019
13 0.110 0.133 0.030 0.018
13 0.152 0.203 0.029 0.016
13 0.072 0.061 0.022 0.021
13 0.052 0.019 0.029 0.015
13 0.180 0.034 0.040 0.055
13 0.287 0.018 0.016 0.025
13 0.374 0.029 0.019 0.026
13 0.390 0.019 0.020 0.035
13 0.292 0.072 0.011 0.016
13 0.304 0.069 0.010 0.018
13 0.186 0.126 0.029 0.015
13 0.196 0.140 0.028 0.018
13 0.726 0.834 0.050 0.014
13 0.667 0.675 0.028 0.048
13 0.411 0.875 0.035 0.018
13 0.297 0.732 0.020 0.026
11 0.570 0.637 0.802 0.511
13 0.316 0.560 0.019 0.022
13 0.785 0.320 0.015 0.015
13 0.854 0.271 0.019 0.013
13 0.271 0.454 0.016 0.006
13 0.280 0.429 0.018 0.013
11 0.443 0.528 0.650 0.251
11 0.371 0.203 0.740 0.404
11 0.764 0.120 0.147 0.237