9 0.489 0.452 0.694 0.626
10 0.934 0.455 0.081 0.065
15 0.186 0.616 0.033 0.030
15 0.203 0.658 0.031 0.034
11 0.014 0.166 0.025 0.019
11 0.103 0.101 0.041 0.040
15 0.579 0.046 0.015 0.013
15 0.323 0.104 0.006 0.007
15 0.331 0.099 0.007 0.006
15 0.339 0.096 0.007 0.007
15 0.349 0.098 0.009 0.007
15 0.369 0.092 0.010 0.011
15 0.369 0.075 0.009 0.007
15 0.386 0.092 0.010 0.010
15 0.404 0.093 0.009 0.009
15 0.387 0.075 0.011 0.010
15 0.404 0.075 0.011 0.010
15 0.404 0.055 0.009 0.007
15 0.434 0.059 0.007 0.006
15 0.393 0.056 0.006 0.006