11 0.194 0.204 0.136 0.125
13 0.083 0.112 0.121 0.036
11 0.122 0.887 0.050 0.029
18 0.826 0.581 0.020 0.007
6 0.714 0.537 0.571 0.041
6 0.713 0.586 0.574 0.041
13 0.519 0.383 0.014 0.024
18 0.177 0.672 0.009 0.020
18 0.187 0.672 0.009 0.020
18 0.302 0.734 0.010 0.021
18 0.292 0.737 0.011 0.019
18 0.401 0.752 0.021 0.010
18 0.345 0.730 0.010 0.020
18 0.578 0.532 0.022 0.010
18 0.971 0.534 0.019 0.007
18 0.987 0.178 0.009 0.019
18 0.998 0.177 0.005 0.020
13 0.175 0.246 0.015 0.046
13 0.198 0.234 0.014 0.039
13 0.251 0.178 0.024 0.076