11 0.169 0.627 0.211 0.746
13 0.207 0.864 0.124 0.034
13 0.100 0.741 0.043 0.151
13 0.098 0.574 0.037 0.129
13 0.191 0.919 0.087 0.024
13 0.191 0.973 0.122 0.045
11 0.477 0.609 0.189 0.714
11 0.767 0.536 0.206 0.583
13 0.092 0.294 0.046 0.015
13 0.204 0.319 0.079 0.030
13 0.179 0.356 0.079 0.030
13 0.199 0.403 0.115 0.035
13 0.197 0.454 0.116 0.041
13 0.206 0.603 0.124 0.044
13 0.202 0.656 0.116 0.041
13 0.188 0.551 0.096 0.033
13 0.188 0.506 0.094 0.034
13 0.206 0.703 0.124 0.044
13 0.434 0.334 0.056 0.020
13 0.434 0.362 0.056 0.020
13 0.432 0.417 0.056 0.020
13 0.436 0.439 0.056 0.020
13 0.434 0.466 0.056 0.020
13 0.437 0.491 0.056 0.020
13 0.431 0.522 0.056 0.020
13 0.436 0.547 0.056 0.020
13 0.433 0.575 0.056 0.020
13 0.433 0.604 0.056 0.020
13 0.434 0.630 0.056 0.020
13 0.429 0.657 0.056 0.020
13 0.437 0.685 0.056 0.020
13 0.433 0.711 0.056 0.020
13 0.433 0.736 0.056 0.020
13 0.437 0.764 0.056 0.020
13 0.439 0.789 0.056 0.020
13 0.434 0.899 0.056 0.020
13 0.393 0.723 0.028 0.016
13 0.524 0.338 0.072 0.030
13 0.520 0.449 0.072 0.030
13 0.521 0.486 0.081 0.030
13 0.524 0.529 0.079 0.030
13 0.524 0.565 0.086 0.033
13 0.521 0.603 0.086 0.033
13 0.523 0.636 0.086 0.033
13 0.526 0.676 0.086 0.033
13 0.524 0.705 0.086 0.033
13 0.523 0.752 0.086 0.033
13 0.523 0.786 0.086 0.033
13 0.522 0.825 0.086 0.033
13 0.523 0.855 0.086 0.033
13 0.529 0.892 0.086 0.033
13 0.704 0.334 0.083 0.031
13 0.708 0.372 0.083 0.031
13 0.708 0.411 0.075 0.031
13 0.711 0.446 0.075 0.031
13 0.711 0.486 0.075 0.031
13 0.709 0.521 0.075 0.031
13 0.706 0.553 0.075 0.031
13 0.709 0.589 0.075 0.031
13 0.714 0.623 0.075 0.031
13 0.708 0.661 0.081 0.037
13 0.715 0.703 0.075 0.031
13 0.710 0.733 0.075 0.031
13 0.710 0.769 0.075 0.031
13 0.814 0.377 0.098 0.036
13 0.812 0.413 0.098 0.036
13 0.819 0.451 0.101 0.040
13 0.812 0.492 0.098 0.036
13 0.811 0.532 0.087 0.029
13 0.818 0.612 0.096 0.029
13 0.819 0.646 0.094 0.033
13 0.818 0.687 0.099 0.036
13 0.818 0.729 0.096 0.029
13 0.818 0.768 0.096 0.029
13 0.812 0.812 0.111 0.035
13 0.487 0.944 0.151 0.045
13 0.771 0.324 0.016 0.044