6 0.412 0.404 0.739 0.052
11 0.139 0.161 0.151 0.041
13 0.807 0.789 0.009 0.025
11 0.093 0.623 0.116 0.061
11 0.084 0.861 0.061 0.029
13 0.202 0.145 0.021 0.007
13 0.138 0.164 0.009 0.021
13 0.164 0.169 0.010 0.029
13 0.177 0.165 0.007 0.025
13 0.206 0.167 0.010 0.021
13 0.110 0.639 0.013 0.031
13 0.137 0.637 0.011 0.026
13 0.101 0.851 0.016 0.007
13 0.102 0.866 0.022 0.009
18 0.025 0.385 0.015 0.007
18 0.056 0.386 0.014 0.006
18 0.104 0.388 0.024 0.009
18 0.137 0.399 0.011 0.006
18 0.194 0.402 0.013 0.006
18 0.210 0.392 0.015 0.006
18 0.258 0.395 0.014 0.005
18 0.417 0.409 0.020 0.009
18 0.559 0.406 0.015 0.006
18 0.652 0.418 0.018 0.006
18 0.829 0.416 0.014 0.006
11 0.082 0.909 0.051 0.022