11 0.543 0.874 0.334 0.171
11 0.549 0.613 0.338 0.159
11 0.568 0.364 0.306 0.152
11 0.589 0.122 0.271 0.159
13 0.506 0.098 0.019 0.041
13 0.533 0.089 0.021 0.059
13 0.558 0.092 0.021 0.050
13 0.608 0.095 0.021 0.050
13 0.632 0.089 0.021 0.050
13 0.648 0.104 0.016 0.031
13 0.631 0.158 0.029 0.054
13 0.535 0.159 0.020 0.048
13 0.515 0.171 0.018 0.035
13 0.434 0.325 0.024 0.062
13 0.434 0.393 0.024 0.062
13 0.459 0.326 0.024 0.062
13 0.517 0.333 0.019 0.048
13 0.636 0.324 0.018 0.061
13 0.657 0.328 0.018 0.061
13 0.493 0.399 0.024 0.062
13 0.522 0.396 0.021 0.044
13 0.551 0.398 0.021 0.044
13 0.571 0.394 0.026 0.037
13 0.607 0.391 0.026 0.037
13 0.631 0.406 0.026 0.058
13 0.689 0.401 0.026 0.058
13 0.397 0.583 0.026 0.059
13 0.398 0.657 0.026 0.059
13 0.429 0.568 0.024 0.069
13 0.429 0.655 0.020 0.055
13 0.460 0.574 0.020 0.055
13 0.456 0.654 0.022 0.066
13 0.488 0.584 0.019 0.046
13 0.512 0.660 0.019 0.062
13 0.541 0.585 0.018 0.050
13 0.571 0.654 0.018 0.050
13 0.681 0.586 0.018 0.045
13 0.396 0.904 0.019 0.075
13 0.423 0.905 0.019 0.075
13 0.512 0.839 0.019 0.045
13 0.544 0.834 0.019 0.058
13 0.518 0.917 0.019 0.058
13 0.544 0.917 0.024 0.083
13 0.603 0.909 0.016 0.066
13 0.693 0.849 0.014 0.025