11 0.531 0.517 0.693 0.179
11 0.578 0.781 0.809 0.185
11 0.492 0.177 0.740 0.204
11 0.104 0.574 0.072 0.603
11 0.073 0.120 0.061 0.233
13 0.077 0.204 0.048 0.021
13 0.131 0.156 0.020 0.049
13 0.169 0.144 0.022 0.051
13 0.262 0.146 0.019 0.061
13 0.301 0.142 0.016 0.075
13 0.333 0.149 0.026 0.061
13 0.373 0.142 0.019 0.049
13 0.434 0.139 0.021 0.065
13 0.507 0.138 0.019 0.054
13 0.609 0.141 0.025 0.060
13 0.677 0.137 0.021 0.061
13 0.720 0.140 0.018 0.062
13 0.798 0.124 0.034 0.092
13 0.848 0.201 0.034 0.084
13 0.806 0.222 0.014 0.066
13 0.759 0.233 0.024 0.089
13 0.726 0.225 0.026 0.077
13 0.679 0.228 0.022 0.072
13 0.646 0.233 0.025 0.072
13 0.605 0.222 0.020 0.044
13 0.583 0.223 0.022 0.049
13 0.538 0.221 0.019 0.054
13 0.469 0.227 0.026 0.074
13 0.369 0.224 0.016 0.061
13 0.333 0.233 0.021 0.046
13 0.302 0.225 0.020 0.060
13 0.102 0.292 0.049 0.021
13 0.100 0.354 0.048 0.016
13 0.098 0.373 0.046 0.021
13 0.099 0.402 0.045 0.016
13 0.105 0.432 0.048 0.025
13 0.099 0.461 0.045 0.020
13 0.104 0.581 0.046 0.020
13 0.104 0.632 0.046 0.022
13 0.101 0.657 0.052 0.019
13 0.102 0.675 0.050 0.018
13 0.104 0.701 0.034 0.021
13 0.109 0.724 0.046 0.014
13 0.106 0.751 0.044 0.021
13 0.106 0.771 0.035 0.018
13 0.109 0.797 0.048 0.016
13 0.111 0.838 0.039 0.013
13 0.197 0.811 0.021 0.052
13 0.222 0.815 0.021 0.052
13 0.271 0.816 0.021 0.052
13 0.356 0.808 0.021 0.071
13 0.381 0.820 0.020 0.045
13 0.423 0.777 0.036 0.116
13 0.468 0.807 0.031 0.070
13 0.597 0.800 0.031 0.080
13 0.628 0.792 0.031 0.080
13 0.717 0.808 0.026 0.064
13 0.761 0.794 0.030 0.085
13 0.796 0.797 0.028 0.056
13 0.841 0.788 0.043 0.069
13 0.878 0.799 0.021 0.035
13 0.898 0.782 0.031 0.051
13 0.934 0.748 0.049 0.095
13 0.195 0.546 0.018 0.044
13 0.222 0.554 0.016 0.043
13 0.223 0.464 0.019 0.059
13 0.261 0.472 0.018 0.034
13 0.260 0.552 0.025 0.069
13 0.291 0.543 0.028 0.041
13 0.291 0.469 0.022 0.049
13 0.330 0.467 0.022 0.061
13 0.334 0.549 0.018 0.049
13 0.361 0.471 0.016 0.051
13 0.396 0.468 0.020 0.051
13 0.396 0.553 0.025 0.066
13 0.466 0.549 0.025 0.066
13 0.464 0.463 0.025 0.066
13 0.497 0.464 0.025 0.066
13 0.549 0.464 0.025 0.066
13 0.601 0.463 0.025 0.066
13 0.632 0.469 0.015 0.051
13 0.706 0.464 0.022 0.066
13 0.777 0.469 0.021 0.062
13 0.816 0.468 0.025 0.052
13 0.860 0.505 0.033 0.115
13 0.778 0.553 0.039 0.084
13 0.735 0.560 0.028 0.087
13 0.694 0.556 0.031 0.086
13 0.654 0.557 0.030 0.086
13 0.571 0.560 0.033 0.090
13 0.537 0.561 0.024 0.050
13 0.532 0.519 0.020 0.014
13 0.055 0.080 0.013 0.020
13 0.056 0.112 0.015 0.021