5 0.378 0.485 0.130 0.228
16 0.755 0.199 0.100 0.205
16 0.879 0.196 0.100 0.205
16 0.757 0.512 0.095 0.204
16 0.884 0.509 0.095 0.204
18 0.495 0.419 0.015 0.041
18 0.493 0.327 0.016 0.041
18 0.496 0.637 0.018 0.041
18 0.495 0.591 0.015 0.037
18 0.584 0.546 0.035 0.016
18 0.586 0.615 0.035 0.015
18 0.586 0.591 0.035 0.015
18 0.586 0.964 0.039 0.018
18 0.461 0.894 0.035 0.015
18 0.585 0.895 0.037 0.018
18 0.589 0.801 0.036 0.015
18 0.456 0.848 0.040 0.021
18 0.578 0.291 0.045 0.019
18 0.582 0.335 0.036 0.015
18 0.581 0.429 0.041 0.019
18 0.577 0.124 0.036 0.016
18 0.249 0.237 0.045 0.019
18 0.414 0.203 0.046 0.022
18 0.343 0.210 0.039 0.020
18 0.409 0.286 0.019 0.044
18 0.358 0.287 0.019 0.043
16 0.763 0.823 0.094 0.204
16 0.886 0.823 0.095 0.204