11 0.569 0.454 0.171 0.580
11 0.738 0.443 0.180 0.598
13 0.778 0.431 0.014 0.036
13 0.594 0.280 0.014 0.025
13 0.604 0.341 0.014 0.022
13 0.609 0.386 0.015 0.029
13 0.616 0.439 0.011 0.026
13 0.647 0.549 0.010 0.025
11 0.893 0.420 0.179 0.600
11 0.406 0.496 0.189 0.611
11 0.199 0.637 0.344 0.561
13 0.099 0.453 0.050 0.024
13 0.182 0.811 0.054 0.026
13 0.287 0.691 0.045 0.020
13 0.265 0.589 0.033 0.015
13 0.262 0.565 0.039 0.015
13 0.253 0.502 0.039 0.015
13 0.242 0.481 0.043 0.019
13 0.487 0.578 0.013 0.024
13 0.483 0.626 0.016 0.034
13 0.591 0.238 0.016 0.034