11 0.746 0.546 0.509 0.230
11 0.735 0.158 0.530 0.261
11 0.741 0.869 0.485 0.220
13 0.489 0.096 0.039 0.113
13 0.494 0.227 0.040 0.111
13 0.542 0.093 0.040 0.111
13 0.588 0.098 0.035 0.102
13 0.635 0.096 0.035 0.102
13 0.681 0.102 0.029 0.083
13 0.728 0.096 0.035 0.098
13 0.776 0.091 0.024 0.072
13 0.823 0.091 0.037 0.101
13 0.960 0.092 0.037 0.101
13 0.681 0.229 0.037 0.101
13 0.631 0.234 0.028 0.071
13 0.726 0.231 0.037 0.101
13 0.777 0.229 0.028 0.070
13 0.826 0.234 0.039 0.107
13 0.873 0.220 0.029 0.080
13 0.917 0.228 0.043 0.098
13 0.966 0.217 0.029 0.077
13 0.506 0.482 0.028 0.084
13 0.507 0.586 0.026 0.090
13 0.551 0.485 0.034 0.085
13 0.551 0.601 0.029 0.083
13 0.609 0.601 0.029 0.083
13 0.608 0.477 0.031 0.083
13 0.659 0.486 0.030 0.077
13 0.661 0.605 0.030 0.077
13 0.706 0.608 0.036 0.100
13 0.701 0.481 0.029 0.081
13 0.752 0.484 0.031 0.085
13 0.756 0.606 0.033 0.105
13 0.802 0.606 0.033 0.077
13 0.799 0.478 0.035 0.091
13 0.846 0.479 0.035 0.091
13 0.852 0.603 0.026 0.072
13 0.896 0.610 0.031 0.083
13 0.896 0.477 0.031 0.083
13 0.944 0.476 0.031 0.083
13 0.953 0.593 0.031 0.075
13 0.987 0.484 0.026 0.076
13 0.517 0.821 0.022 0.062
13 0.517 0.907 0.030 0.065
13 0.556 0.804 0.026 0.080
13 0.554 0.910 0.026 0.060
13 0.594 0.816 0.026 0.080
13 0.594 0.921 0.029 0.071
13 0.633 0.811 0.026 0.080
13 0.702 0.917 0.024 0.074
13 0.724 0.814 0.024 0.074
13 0.736 0.913 0.024 0.074
13 0.769 0.803 0.024 0.074
13 0.774 0.916 0.021 0.070
13 0.812 0.809 0.024 0.061
13 0.859 0.804 0.024 0.061
13 0.848 0.927 0.024 0.061
13 0.907 0.807 0.030 0.079
13 0.877 0.928 0.024 0.061
13 0.950 0.803 0.030 0.079
13 0.954 0.931 0.035 0.089
13 0.922 0.921 0.024 0.064