13 0.499 0.562 0.074 0.242
13 0.515 0.204 0.138 0.030
13 0.771 0.257 0.141 0.036
13 0.854 0.246 0.015 0.049
13 0.850 0.085 0.035 0.010
13 0.935 0.079 0.037 0.014
11 0.858 0.493 0.246 0.336
11 0.651 0.471 0.434 0.583
13 0.563 0.366 0.119 0.044
13 0.576 0.439 0.119 0.044
13 0.792 0.411 0.110 0.041
13 0.557 0.401 0.086 0.036
13 0.576 0.471 0.096 0.036
13 0.581 0.508 0.096 0.036
13 0.587 0.541 0.096 0.036
13 0.814 0.544 0.098 0.040
13 0.816 0.506 0.084 0.034
13 0.833 0.360 0.177 0.060
13 0.892 0.388 0.068 0.022
13 0.914 0.475 0.091 0.037
13 0.922 0.504 0.083 0.033
13 0.932 0.559 0.072 0.028
13 0.941 0.585 0.079 0.037