11 0.261 0.391 0.068 0.476
11 0.131 0.405 0.114 0.463
11 0.666 0.145 0.199 0.198
13 0.348 0.839 0.031 0.019
11 0.053 0.234 0.046 0.177
13 0.256 0.235 0.054 0.020
13 0.253 0.275 0.054 0.018
13 0.255 0.299 0.050 0.018
13 0.258 0.316 0.045 0.016
13 0.260 0.337 0.043 0.016
13 0.258 0.357 0.048 0.019
13 0.260 0.377 0.043 0.016
13 0.259 0.436 0.040 0.016
13 0.259 0.496 0.045 0.016
13 0.269 0.620 0.050 0.018
13 0.099 0.476 0.049 0.016
13 0.096 0.537 0.048 0.019
13 0.109 0.627 0.048 0.019
13 0.159 0.624 0.048 0.019
13 0.154 0.378 0.040 0.018
13 0.261 0.534 0.043 0.016
13 0.259 0.397 0.029 0.014
13 0.263 0.414 0.031 0.015
13 0.255 0.594 0.030 0.016
13 0.163 0.534 0.036 0.015
13 0.211 0.179 0.031 0.015
13 0.123 0.208 0.014 0.029
13 0.039 0.195 0.014 0.033
13 0.048 0.303 0.016 0.041
13 0.067 0.251 0.016 0.036
13 0.071 0.294 0.013 0.036
13 0.091 0.303 0.015 0.029
13 0.108 0.323 0.016 0.036
13 0.111 0.385 0.019 0.037
13 0.101 0.518 0.029 0.019