11 0.445 0.333 0.762 0.271
11 0.491 0.712 0.665 0.151
13 0.079 0.379 0.031 0.116
13 0.184 0.412 0.036 0.092
13 0.276 0.282 0.031 0.110
13 0.323 0.416 0.037 0.107
13 0.364 0.400 0.026 0.085
13 0.401 0.263 0.039 0.090
13 0.449 0.412 0.029 0.101
13 0.489 0.392 0.020 0.054
13 0.627 0.398 0.030 0.068
13 0.669 0.304 0.029 0.077
13 0.805 0.284 0.035 0.100
13 0.182 0.703 0.033 0.095
13 0.226 0.674 0.026 0.056
13 0.465 0.674 0.025 0.062
13 0.508 0.676 0.024 0.070
13 0.615 0.674 0.028 0.064
13 0.663 0.675 0.021 0.065
13 0.734 0.681 0.029 0.048
13 0.801 0.416 0.031 0.104
13 0.228 0.408 0.029 0.091
13 0.542 0.673 0.024 0.059
13 0.688 0.681 0.028 0.055