6 0.461 0.364 0.491 0.065
6 0.487 0.282 0.445 0.064
13 0.347 0.535 0.056 0.155
13 0.364 0.963 0.014 0.033
13 0.624 0.851 0.018 0.049
13 0.713 0.851 0.021 0.056
13 0.791 0.814 0.071 0.019
13 0.875 0.760 0.060 0.018
13 0.959 0.763 0.065 0.024
13 0.933 0.819 0.029 0.010
13 0.690 0.948 0.087 0.025
13 0.676 0.987 0.015 0.026
13 0.649 0.989 0.016 0.021
18 0.166 0.420 0.009 0.020
18 0.106 0.818 0.007 0.019
18 0.126 0.822 0.007 0.019
18 0.066 0.807 0.007 0.018
18 0.092 0.961 0.016 0.010
18 0.059 0.940 0.018 0.010
18 0.061 0.919 0.021 0.009
18 0.104 0.919 0.025 0.010
18 0.071 0.899 0.019 0.009
18 0.082 0.881 0.021 0.007
18 0.069 0.866 0.019 0.007
18 0.092 0.863 0.016 0.007
18 0.111 0.888 0.019 0.006
18 0.114 0.869 0.016 0.009
18 0.075 0.811 0.010 0.020
18 0.086 0.812 0.011 0.016
18 0.136 0.826 0.011 0.019
18 0.145 0.827 0.010 0.019