11 0.289 0.431 0.540 0.233
11 0.804 0.749 0.161 0.229
18 0.163 0.956 0.011 0.031
18 0.521 0.966 0.025 0.010
11 0.314 0.674 0.504 0.177
11 0.628 0.606 0.156 0.545
13 0.122 0.429 0.026 0.060
13 0.091 0.506 0.021 0.056
13 0.114 0.501 0.022 0.050
13 0.146 0.502 0.022 0.054
13 0.157 0.427 0.024 0.060
13 0.202 0.498 0.021 0.051
13 0.220 0.421 0.022 0.055
13 0.246 0.424 0.019 0.048
13 0.282 0.422 0.025 0.059
13 0.576 0.383 0.029 0.080
13 0.532 0.390 0.025 0.068
13 0.494 0.394 0.025 0.059
13 0.469 0.398 0.025 0.059
13 0.433 0.403 0.024 0.070
13 0.403 0.404 0.024 0.069
13 0.346 0.410 0.019 0.060
13 0.311 0.419 0.025 0.059
13 0.370 0.413 0.018 0.044
13 0.257 0.494 0.019 0.036
13 0.074 0.664 0.018 0.041
13 0.076 0.729 0.019 0.037
13 0.177 0.729 0.018 0.043
13 0.262 0.671 0.194 0.031
13 0.278 0.719 0.026 0.050
13 0.330 0.720 0.018 0.048
13 0.378 0.717 0.024 0.059
13 0.433 0.713 0.019 0.058
13 0.396 0.646 0.016 0.036
13 0.484 0.642 0.020 0.052
13 0.507 0.633 0.016 0.036
13 0.456 0.706 0.019 0.041
13 0.489 0.705 0.016 0.040
13 0.512 0.709 0.020 0.048
13 0.555 0.719 0.022 0.055
13 0.549 0.625 0.024 0.065
13 0.539 0.491 0.028 0.075
13 0.616 0.561 0.086 0.030
13 0.522 0.930 0.018 0.045
13 0.826 0.638 0.037 0.016
13 0.826 0.656 0.033 0.015
13 0.824 0.675 0.045 0.018
13 0.826 0.772 0.039 0.018
13 0.849 0.907 0.059 0.024
13 0.636 0.795 0.086 0.030
13 0.623 0.757 0.081 0.024
13 0.614 0.658 0.066 0.024
13 0.624 0.696 0.083 0.026
13 0.621 0.630 0.074 0.022
13 0.606 0.591 0.070 0.021
13 0.603 0.497 0.062 0.022
13 0.598 0.458 0.065 0.019
13 0.609 0.384 0.029 0.077
13 0.597 0.525 0.056 0.018
13 0.271 0.916 0.025 0.060
13 0.318 0.916 0.021 0.037
13 0.429 0.953 0.018 0.034
13 0.203 0.914 0.024 0.056
13 0.228 0.915 0.022 0.060
13 0.086 0.851 0.034 0.015
13 0.978 0.961 0.043 0.049
13 0.936 0.833 0.019 0.049
13 0.954 0.816 0.018 0.049
13 0.974 0.795 0.016 0.048