19 0.129 0.844 0.013 0.019
19 0.233 0.835 0.014 0.018
19 0.446 0.561 0.011 0.016
19 0.219 0.604 0.011 0.019
19 0.286 0.675 0.011 0.025
19 0.422 0.832 0.004 0.016
19 0.600 0.894 0.015 0.018
19 0.692 0.848 0.011 0.022
19 0.698 0.744 0.015 0.020
19 0.678 0.636 0.014 0.016
19 0.678 0.542 0.011 0.022
19 0.654 0.311 0.010 0.016
19 0.642 0.054 0.015 0.018
19 0.386 0.064 0.015 0.021
19 0.387 0.173 0.016 0.021
19 0.551 0.106 0.014 0.020
19 0.200 0.171 0.015 0.022
19 0.102 0.187 0.014 0.019
19 0.079 0.308 0.015 0.021