11 0.294 0.521 0.152 0.886
11 0.575 0.522 0.138 0.873
11 0.839 0.521 0.124 0.877
13 0.251 0.141 0.062 0.018
13 0.250 0.236 0.062 0.018
13 0.250 0.168 0.062 0.018
13 0.349 0.168 0.040 0.013
13 0.333 0.206 0.065 0.024
13 0.338 0.359 0.058 0.019
13 0.335 0.387 0.058 0.019
13 0.335 0.418 0.062 0.021
13 0.339 0.451 0.062 0.021
13 0.339 0.474 0.062 0.021
13 0.256 0.507 0.071 0.022
13 0.338 0.537 0.071 0.022
13 0.334 0.600 0.071 0.022
13 0.336 0.629 0.065 0.021
13 0.250 0.632 0.065 0.021
13 0.254 0.753 0.055 0.021
13 0.335 0.752 0.055 0.021
13 0.338 0.814 0.058 0.026
13 0.255 0.812 0.060 0.022
13 0.253 0.839 0.060 0.022
13 0.611 0.110 0.059 0.020
13 0.536 0.170 0.059 0.020
13 0.533 0.204 0.059 0.020
13 0.613 0.233 0.059 0.020
13 0.612 0.203 0.051 0.018
13 0.536 0.231 0.051 0.018
13 0.538 0.386 0.059 0.020
13 0.536 0.449 0.059 0.020
13 0.614 0.473 0.055 0.019
13 0.531 0.509 0.055 0.019
13 0.615 0.534 0.055 0.019
13 0.610 0.568 0.055 0.019
13 0.610 0.628 0.055 0.019
13 0.613 0.689 0.055 0.019
13 0.541 0.813 0.055 0.019
13 0.534 0.747 0.055 0.019
13 0.615 0.811 0.055 0.019
13 0.620 0.871 0.070 0.021
13 0.536 0.901 0.070 0.021
13 0.801 0.132 0.049 0.019
13 0.875 0.184 0.045 0.019
13 0.803 0.183 0.049 0.019
13 0.804 0.207 0.049 0.019
13 0.874 0.236 0.049 0.019
13 0.873 0.312 0.049 0.019
13 0.806 0.419 0.044 0.019
13 0.807 0.474 0.044 0.019
13 0.876 0.472 0.049 0.019
13 0.874 0.497 0.049 0.019
13 0.876 0.522 0.049 0.019
13 0.876 0.551 0.049 0.019
13 0.804 0.631 0.049 0.019
13 0.878 0.627 0.049 0.019
13 0.876 0.684 0.049 0.019
13 0.804 0.712 0.049 0.019
13 0.877 0.713 0.049 0.019
13 0.881 0.743 0.040 0.016
13 0.880 0.773 0.040 0.016
13 0.799 0.802 0.036 0.016
13 0.807 0.827 0.051 0.021
13 0.876 0.853 0.050 0.020