11 0.719 0.525 0.203 0.775
13 0.154 0.537 0.028 0.046
13 0.672 0.889 0.044 0.015
13 0.676 0.864 0.041 0.014
13 0.676 0.837 0.040 0.011
13 0.666 0.809 0.062 0.021
13 0.665 0.785 0.068 0.020
13 0.669 0.754 0.068 0.020
13 0.734 0.821 0.040 0.018
13 0.735 0.797 0.040 0.015
13 0.735 0.774 0.040 0.018
13 0.672 0.721 0.062 0.021
13 0.664 0.686 0.069 0.026
13 0.667 0.656 0.068 0.021
13 0.665 0.622 0.080 0.029
13 0.673 0.593 0.071 0.020
13 0.674 0.559 0.068 0.025
13 0.746 0.627 0.045 0.015
13 0.749 0.603 0.050 0.018
13 0.749 0.578 0.049 0.015
13 0.762 0.526 0.056 0.024
13 0.677 0.492 0.079 0.021
13 0.762 0.498 0.059 0.019
13 0.760 0.473 0.058 0.019
13 0.680 0.459 0.072 0.021
13 0.672 0.429 0.075 0.022
13 0.677 0.398 0.072 0.026
13 0.760 0.444 0.060 0.015
13 0.687 0.362 0.071 0.022
13 0.765 0.414 0.055 0.021
13 0.688 0.332 0.064 0.024
13 0.767 0.360 0.058 0.015
13 0.767 0.387 0.055 0.019
13 0.693 0.299 0.072 0.022
13 0.774 0.299 0.065 0.021
13 0.775 0.329 0.062 0.024
13 0.681 0.265 0.084 0.030
13 0.642 0.203 0.050 0.076
13 0.688 0.188 0.034 0.091
13 0.727 0.195 0.031 0.087
13 0.764 0.191 0.039 0.104
13 0.772 0.266 0.054 0.022