11 0.159 0.135 0.226 0.180
11 0.155 0.391 0.225 0.174
11 0.154 0.606 0.214 0.092
11 0.424 0.594 0.087 0.338
11 0.654 0.616 0.203 0.388
13 0.147 0.851 0.115 0.050
11 0.338 0.817 0.224 0.054
11 0.818 0.473 0.104 0.186
11 0.763 0.263 0.094 0.225
11 0.640 0.272 0.072 0.266
18 0.347 0.496 0.029 0.035
18 0.338 0.661 0.020 0.037
18 0.474 0.124 0.016 0.036
18 0.307 0.024 0.029 0.014
18 0.313 0.048 0.044 0.019
18 0.311 0.078 0.040 0.016
18 0.900 0.119 0.040 0.014
18 0.892 0.484 0.041 0.034
18 0.566 0.136 0.048 0.019
13 0.966 0.740 0.066 0.033
13 0.067 0.087 0.041 0.079
13 0.101 0.089 0.029 0.074
13 0.133 0.086 0.029 0.074
13 0.069 0.181 0.033 0.080
13 0.130 0.176 0.033 0.080
13 0.163 0.181 0.033 0.080
13 0.221 0.175 0.033 0.080
13 0.222 0.082 0.026 0.071
13 0.249 0.095 0.028 0.070
13 0.250 0.170 0.022 0.065
13 0.066 0.342 0.033 0.081
13 0.104 0.348 0.031 0.066
13 0.161 0.351 0.031 0.066
13 0.214 0.346 0.031 0.070
13 0.191 0.438 0.033 0.076
13 0.104 0.438 0.033 0.076
13 0.159 0.434 0.025 0.066
13 0.219 0.437 0.025 0.066
13 0.245 0.436 0.025 0.066
13 0.221 0.608 0.040 0.083
13 0.102 0.606 0.040 0.083
13 0.158 0.608 0.040 0.075
13 0.061 0.618 0.029 0.070
13 0.438 0.041 0.077 0.069
13 0.688 0.100 0.040 0.080
13 0.436 0.135 0.071 0.062
13 0.449 0.176 0.049 0.036
13 0.561 0.217 0.070 0.077
13 0.559 0.270 0.070 0.077
13 0.554 0.331 0.076 0.087
13 0.312 0.131 0.052 0.055
13 0.309 0.179 0.052 0.055
13 0.309 0.219 0.055 0.064
13 0.301 0.323 0.055 0.064
13 0.438 0.278 0.079 0.033
13 0.599 0.442 0.069 0.029
13 0.593 0.521 0.081 0.028
13 0.596 0.624 0.090 0.030
13 0.598 0.691 0.090 0.030
13 0.679 0.438 0.061 0.021
13 0.685 0.521 0.072 0.030
13 0.690 0.557 0.080 0.031
13 0.694 0.588 0.080 0.031
13 0.701 0.655 0.090 0.033
13 0.699 0.685 0.090 0.033
13 0.699 0.757 0.090 0.033
13 0.704 0.723 0.098 0.033
13 0.302 0.829 0.111 0.035
13 0.408 0.823 0.094 0.035
13 0.428 0.647 0.079 0.035
13 0.426 0.743 0.072 0.030
13 0.424 0.709 0.072 0.030
13 0.425 0.619 0.072 0.030
13 0.800 0.398 0.072 0.030
13 0.824 0.484 0.072 0.030
13 0.839 0.549 0.064 0.028
13 0.826 0.453 0.064 0.028
13 0.683 0.626 0.064 0.028
13 0.418 0.557 0.064 0.028
13 0.418 0.501 0.064 0.028
13 0.646 0.388 0.052 0.025
13 0.647 0.251 0.052 0.025
13 0.647 0.341 0.045 0.021
13 0.131 0.750 0.059 0.025
13 0.131 0.705 0.059 0.025
13 0.113 0.769 0.059 0.025
13 0.134 0.793 0.046 0.019
13 0.934 0.669 0.025 0.081
13 0.348 0.581 0.041 0.062
13 0.279 0.764 0.037 0.049
13 0.314 0.751 0.061 0.065
13 0.344 0.726 0.052 0.070
13 0.294 0.593 0.031 0.061
13 0.349 0.457 0.037 0.049
13 0.374 0.374 0.061 0.072
13 0.289 0.396 0.019 0.021
13 0.454 0.380 0.055 0.085
13 0.498 0.369 0.046 0.077
13 0.879 0.414 0.041 0.036
13 0.878 0.382 0.049 0.044
13 0.642 0.185 0.052 0.020
13 0.736 0.163 0.052 0.020
13 0.963 0.665 0.030 0.062
13 0.296 0.403 0.020 0.022