11 0.424 0.251 0.733 0.124
11 0.322 0.497 0.579 0.079
11 0.368 0.651 0.499 0.077
13 0.334 0.224 0.016 0.048
13 0.234 0.224 0.020 0.044
13 0.258 0.280 0.014 0.037
13 0.218 0.281 0.016 0.039
13 0.280 0.282 0.018 0.048
13 0.300 0.282 0.015 0.041
13 0.389 0.281 0.016 0.041
13 0.312 0.229 0.014 0.040
13 0.409 0.218 0.020 0.051
13 0.425 0.279 0.015 0.036
13 0.455 0.278 0.013 0.040
13 0.466 0.219 0.021 0.055
13 0.482 0.281 0.015 0.041
13 0.551 0.217 0.016 0.056
13 0.588 0.286 0.019 0.054
13 0.575 0.221 0.018 0.050
13 0.191 0.522 0.010 0.030
13 0.233 0.521 0.014 0.033
13 0.279 0.477 0.011 0.030
13 0.390 0.516 0.013 0.025
13 0.389 0.474 0.010 0.029
13 0.415 0.477 0.013 0.029
13 0.431 0.516 0.013 0.033
13 0.472 0.473 0.014 0.029
13 0.516 0.515 0.011 0.028
13 0.524 0.485 0.022 0.010
13 0.564 0.483 0.024 0.009
13 0.574 0.512 0.030 0.011
13 0.582 0.634 0.029 0.011
13 0.215 0.637 0.013 0.026
13 0.263 0.679 0.013 0.035
13 0.219 0.674 0.011 0.022
13 0.278 0.679 0.010 0.030
13 0.291 0.674 0.013 0.028
13 0.307 0.676 0.011 0.035
13 0.302 0.630 0.014 0.033
13 0.358 0.628 0.011 0.034
13 0.372 0.630 0.013 0.033
13 0.387 0.627 0.011 0.033
13 0.379 0.671 0.013 0.024
13 0.427 0.632 0.010 0.022
13 0.421 0.672 0.015 0.037
13 0.482 0.669 0.011 0.028
13 0.537 0.670 0.013 0.035
13 0.138 0.649 0.026 0.010
13 0.139 0.667 0.021 0.007
13 0.176 0.522 0.013 0.030
13 0.070 0.223 0.015 0.045
13 0.093 0.227 0.014 0.044
13 0.113 0.229 0.015 0.037
13 0.151 0.229 0.016 0.039
13 0.116 0.281 0.016 0.039
13 0.135 0.281 0.015 0.040
13 0.614 0.221 0.019 0.049
13 0.636 0.224 0.014 0.043
13 0.644 0.276 0.016 0.035
13 0.678 0.277 0.019 0.044
13 0.697 0.274 0.014 0.035
13 0.727 0.277 0.016 0.041
13 0.754 0.221 0.016 0.043
13 0.582 0.016 0.019 0.030
13 0.928 0.796 0.039 0.013