11 0.532 0.384 0.801 0.471
11 0.448 0.769 0.805 0.463
13 0.177 0.186 0.028 0.077
13 0.215 0.214 0.037 0.071
13 0.177 0.318 0.045 0.077
13 0.226 0.334 0.051 0.085
13 0.266 0.339 0.033 0.062
13 0.311 0.356 0.029 0.079
13 0.345 0.368 0.025 0.064
13 0.393 0.393 0.035 0.072
13 0.432 0.404 0.048 0.081
13 0.474 0.422 0.035 0.061
13 0.512 0.430 0.041 0.065
13 0.561 0.451 0.041 0.074
13 0.605 0.461 0.037 0.085
13 0.641 0.484 0.041 0.086
13 0.679 0.497 0.045 0.077
13 0.723 0.508 0.034 0.066
13 0.757 0.528 0.048 0.094
13 0.802 0.541 0.035 0.087
13 0.845 0.566 0.048 0.091
13 0.871 0.583 0.037 0.074
13 0.894 0.443 0.046 0.099
13 0.723 0.388 0.048 0.091
13 0.684 0.374 0.045 0.081
13 0.597 0.347 0.039 0.069
13 0.550 0.326 0.035 0.066
13 0.517 0.314 0.035 0.072
13 0.471 0.299 0.041 0.071
13 0.434 0.290 0.050 0.075
13 0.384 0.273 0.036 0.062
13 0.348 0.260 0.034 0.070
13 0.301 0.243 0.033 0.064
13 0.269 0.233 0.033 0.072
13 0.106 0.582 0.046 0.086
13 0.068 0.695 0.039 0.062
13 0.113 0.714 0.043 0.098
13 0.158 0.709 0.030 0.056
13 0.190 0.721 0.033 0.069
13 0.194 0.611 0.035 0.074
13 0.221 0.629 0.035 0.074
13 0.264 0.639 0.035 0.074
13 0.292 0.658 0.035 0.074
13 0.335 0.671 0.035 0.074
13 0.366 0.684 0.035 0.074
13 0.409 0.696 0.035 0.074
13 0.438 0.713 0.035 0.074
13 0.479 0.729 0.031 0.064
13 0.513 0.734 0.031 0.064
13 0.554 0.748 0.031 0.064
13 0.587 0.758 0.031 0.064
13 0.627 0.782 0.031 0.064
13 0.661 0.786 0.031 0.064
13 0.704 0.800 0.037 0.075
13 0.744 0.816 0.037 0.075
13 0.830 0.834 0.037 0.083
13 0.782 0.956 0.048 0.085
13 0.744 0.926 0.049 0.084
13 0.707 0.917 0.049 0.084
13 0.668 0.912 0.049 0.084
13 0.626 0.893 0.049 0.084
13 0.598 0.878 0.049 0.084
13 0.551 0.853 0.039 0.066
13 0.518 0.846 0.039 0.066
13 0.479 0.833 0.039 0.066
13 0.451 0.819 0.039 0.066
13 0.406 0.803 0.039 0.066
13 0.377 0.791 0.029 0.061
13 0.299 0.772 0.037 0.066
13 0.263 0.752 0.049 0.072
13 0.229 0.738 0.035 0.061