4 0.268 0.822 0.205 0.211
4 0.669 0.685 0.149 0.165
18 0.117 0.131 0.016 0.020
18 0.099 0.141 0.013 0.021
18 0.076 0.101 0.026 0.020
18 0.056 0.104 0.011 0.018
18 0.409 0.247 0.018 0.011
18 0.420 0.266 0.010 0.019
18 0.431 0.267 0.009 0.019
18 0.441 0.268 0.010 0.025
18 0.530 0.142 0.020 0.009
18 0.126 0.283 0.016 0.019
18 0.568 0.254 0.009 0.016
18 0.619 0.234 0.019 0.010
18 0.656 0.233 0.022 0.010
18 0.652 0.173 0.007 0.021
18 0.606 0.028 0.019 0.009
18 0.719 0.258 0.009 0.019
18 0.751 0.186 0.010 0.022
18 0.797 0.262 0.007 0.019
18 0.812 0.226 0.022 0.010
18 0.963 0.233 0.019 0.025
18 0.981 0.254 0.009 0.015
18 0.723 0.173 0.013 0.026
18 0.973 0.048 0.014 0.021