11 0.586 0.181 0.621 0.282
11 0.517 0.552 0.900 0.226
11 0.512 0.841 0.870 0.195
13 0.367 0.175 0.034 0.075
13 0.404 0.173 0.028 0.071
13 0.446 0.169 0.033 0.068
13 0.426 0.265 0.031 0.075
13 0.581 0.244 0.037 0.090
13 0.681 0.121 0.034 0.075
13 0.863 0.197 0.039 0.096
13 0.191 0.541 0.028 0.074
13 0.118 0.638 0.021 0.059
13 0.196 0.634 0.021 0.064
13 0.264 0.537 0.030 0.072
13 0.266 0.624 0.021 0.049
13 0.317 0.625 0.019 0.050
13 0.336 0.539 0.021 0.064
13 0.381 0.537 0.020 0.061
13 0.532 0.611 0.021 0.061
13 0.682 0.601 0.029 0.068
13 0.832 0.590 0.026 0.072
13 0.866 0.495 0.024 0.080
13 0.911 0.589 0.028 0.076
13 0.953 0.589 0.026 0.076
13 0.099 0.878 0.019 0.064
13 0.126 0.796 0.020 0.055
13 0.248 0.884 0.016 0.049
13 0.319 0.797 0.022 0.064
13 0.344 0.787 0.020 0.035
13 0.720 0.884 0.025 0.066
13 0.877 0.884 0.025 0.066
13 0.919 0.888 0.025 0.066