11 0.532 0.199 0.736 0.144
11 0.509 0.396 0.728 0.200
11 0.511 0.621 0.786 0.214
11 0.522 0.859 0.854 0.216
13 0.845 0.232 0.092 0.031
13 0.823 0.250 0.095 0.035
13 0.853 0.432 0.041 0.115
13 0.860 0.618 0.083 0.030
13 0.855 0.701 0.083 0.029
13 0.180 0.784 0.022 0.059
13 0.167 0.857 0.024 0.059
13 0.253 0.787 0.020 0.059
13 0.198 0.860 0.025 0.060
13 0.233 0.861 0.028 0.061
13 0.262 0.866 0.024 0.061
13 0.281 0.794 0.022 0.059
13 0.306 0.796 0.021 0.054
13 0.334 0.797 0.024 0.055
13 0.292 0.873 0.024 0.065
13 0.324 0.873 0.026 0.068
13 0.361 0.799 0.021 0.056
13 0.387 0.807 0.024 0.060
13 0.355 0.876 0.020 0.060
13 0.383 0.885 0.025 0.058
13 0.414 0.886 0.024 0.058
13 0.416 0.808 0.019 0.056
13 0.439 0.810 0.022 0.058
13 0.468 0.812 0.021 0.064
13 0.444 0.887 0.025 0.065
13 0.472 0.890 0.020 0.065
13 0.493 0.819 0.021 0.061
13 0.522 0.822 0.022 0.059
13 0.547 0.826 0.025 0.055
13 0.576 0.831 0.019 0.048
13 0.601 0.828 0.022 0.058
13 0.551 0.899 0.025 0.059
13 0.504 0.894 0.025 0.054
13 0.628 0.828 0.024 0.059
13 0.580 0.901 0.022 0.054
13 0.613 0.909 0.022 0.070
13 0.653 0.834 0.019 0.059
13 0.681 0.837 0.020 0.056
13 0.644 0.909 0.024 0.062
13 0.675 0.912 0.022 0.062
13 0.708 0.838 0.019 0.060
13 0.736 0.843 0.021 0.059
13 0.706 0.915 0.020 0.058
13 0.736 0.916 0.020 0.058
13 0.762 0.844 0.022 0.061
13 0.789 0.850 0.020 0.060
13 0.763 0.926 0.026 0.062
13 0.816 0.848 0.019 0.054
13 0.843 0.856 0.022 0.056
13 0.796 0.926 0.022 0.064
13 0.827 0.927 0.021 0.062
13 0.856 0.931 0.024 0.060
13 0.869 0.859 0.022 0.061
13 0.895 0.864 0.025 0.062
13 0.887 0.936 0.030 0.065
13 0.929 0.905 0.043 0.120
13 0.798 0.620 0.024 0.055
13 0.769 0.616 0.025 0.062
13 0.742 0.614 0.024 0.054
13 0.714 0.612 0.021 0.056
13 0.688 0.611 0.022 0.052
13 0.784 0.697 0.026 0.056
13 0.755 0.694 0.025 0.062
13 0.724 0.688 0.028 0.068
13 0.636 0.677 0.022 0.060
13 0.603 0.675 0.024 0.065
13 0.574 0.672 0.020 0.061
13 0.546 0.669 0.021 0.059
13 0.635 0.599 0.022 0.055
13 0.606 0.601 0.020 0.058
13 0.581 0.598 0.019 0.062
13 0.554 0.590 0.021 0.060
13 0.527 0.592 0.021 0.061
13 0.513 0.670 0.021 0.058
13 0.484 0.660 0.024 0.058
13 0.449 0.660 0.024 0.065
13 0.422 0.654 0.026 0.061
13 0.502 0.589 0.026 0.058
13 0.473 0.583 0.021 0.050
13 0.448 0.578 0.024 0.058
13 0.422 0.573 0.025 0.059
13 0.392 0.578 0.024 0.054
13 0.367 0.573 0.020 0.056
13 0.340 0.570 0.025 0.058
13 0.316 0.565 0.024 0.060
13 0.286 0.566 0.024 0.064
13 0.260 0.557 0.022 0.065
13 0.216 0.549 0.025 0.066
13 0.390 0.649 0.022 0.062
13 0.359 0.648 0.026 0.064
13 0.329 0.642 0.029 0.066
13 0.302 0.640 0.019 0.060
13 0.271 0.638 0.024 0.059
13 0.237 0.633 0.022 0.064
13 0.206 0.626 0.024 0.062
13 0.188 0.554 0.029 0.059
13 0.179 0.629 0.025 0.064
13 0.164 0.541 0.013 0.025
13 0.156 0.629 0.011 0.024
13 0.212 0.326 0.024 0.060
13 0.181 0.383 0.014 0.024
13 0.180 0.412 0.015 0.031
13 0.204 0.403 0.024 0.066
13 0.236 0.399 0.025 0.061
13 0.244 0.331 0.021 0.054
13 0.264 0.404 0.028 0.062
13 0.294 0.409 0.029 0.068
13 0.285 0.332 0.025 0.056
13 0.312 0.334 0.020 0.056
13 0.323 0.412 0.025 0.064
13 0.338 0.337 0.025 0.061
13 0.365 0.337 0.020 0.054
13 0.359 0.416 0.024 0.062
13 0.389 0.419 0.024 0.069
13 0.421 0.346 0.021 0.066
13 0.420 0.422 0.028 0.064
13 0.448 0.354 0.025 0.055
13 0.448 0.426 0.029 0.062
13 0.472 0.358 0.021 0.054
13 0.479 0.431 0.024 0.056
13 0.500 0.358 0.025 0.059
13 0.526 0.362 0.021 0.054
13 0.509 0.433 0.021 0.061
13 0.553 0.362 0.019 0.055
13 0.540 0.433 0.025 0.061
13 0.581 0.367 0.019 0.056
13 0.568 0.441 0.028 0.065
13 0.598 0.444 0.025 0.061
13 0.609 0.370 0.016 0.045
13 0.631 0.444 0.020 0.058
13 0.634 0.370 0.021 0.055
13 0.664 0.376 0.018 0.048
13 0.662 0.446 0.024 0.060
13 0.687 0.378 0.024 0.059
13 0.691 0.453 0.026 0.062
13 0.716 0.381 0.021 0.060
13 0.721 0.456 0.022 0.060
13 0.742 0.382 0.019 0.054
13 0.767 0.386 0.021 0.059
13 0.796 0.392 0.019 0.049
13 0.824 0.392 0.028 0.061
13 0.755 0.465 0.028 0.065
13 0.783 0.466 0.024 0.061
13 0.816 0.461 0.022 0.058
13 0.759 0.229 0.024 0.056
13 0.733 0.225 0.019 0.052
13 0.711 0.229 0.025 0.059
13 0.686 0.220 0.019 0.050
13 0.661 0.226 0.020 0.059
13 0.638 0.224 0.019 0.062
13 0.613 0.228 0.025 0.069
13 0.588 0.207 0.021 0.050
13 0.561 0.211 0.025 0.065
13 0.541 0.213 0.021 0.059
13 0.251 0.176 0.024 0.062
13 0.275 0.174 0.020 0.041
13 0.348 0.189 0.024 0.061
13 0.372 0.187 0.019 0.046
13 0.396 0.196 0.026 0.058
13 0.419 0.194 0.022 0.055
13 0.443 0.195 0.020 0.048
13 0.464 0.211 0.029 0.066
13 0.491 0.207 0.022 0.050
13 0.518 0.203 0.016 0.041
13 0.223 0.181 0.034 0.075