11 0.812 0.266 0.349 0.203
13 0.625 0.279 0.025 0.101
11 0.790 0.556 0.305 0.186
11 0.707 0.829 0.119 0.194
11 0.461 0.805 0.138 0.230
13 0.608 0.841 0.048 0.026
11 0.088 0.046 0.086 0.090
11 0.427 0.077 0.077 0.072
13 0.938 0.329 0.028 0.076
13 0.839 0.324 0.024 0.061
13 0.817 0.219 0.021 0.068
13 0.806 0.322 0.020 0.061
13 0.782 0.323 0.022 0.065
13 0.781 0.221 0.028 0.087
13 0.748 0.321 0.020 0.070
13 0.720 0.314 0.018 0.045
13 0.746 0.216 0.040 0.102
13 0.670 0.216 0.025 0.096
13 0.709 0.216 0.031 0.101
13 0.868 0.615 0.022 0.058
13 0.833 0.613 0.018 0.068
13 0.769 0.615 0.021 0.058
13 0.671 0.611 0.025 0.061
13 0.761 0.514 0.025 0.075
13 0.690 0.511 0.028 0.085
13 0.646 0.531 0.022 0.056
13 0.671 0.752 0.041 0.015
13 0.666 0.779 0.039 0.014
13 0.741 0.805 0.033 0.013
13 0.738 0.879 0.035 0.016
13 0.738 0.911 0.051 0.021
13 0.421 0.856 0.054 0.031
13 0.502 0.897 0.052 0.031
13 0.431 0.739 0.035 0.014
13 0.429 0.791 0.045 0.016
13 0.504 0.841 0.037 0.010
13 0.501 0.714 0.055 0.020
13 0.502 0.742 0.052 0.019
13 0.502 0.768 0.041 0.014
13 0.499 0.791 0.039 0.013
13 0.425 0.087 0.040 0.019
13 0.668 0.907 0.039 0.019
13 0.103 0.064 0.059 0.059