11 0.651 0.250 0.691 0.152
11 0.512 0.559 0.976 0.176
18 0.616 0.849 0.033 0.021
18 0.769 0.884 0.015 0.028
18 0.976 0.874 0.022 0.043
18 0.615 0.658 0.022 0.026
18 0.588 0.750 0.028 0.015
13 0.416 0.278 0.026 0.071
13 0.487 0.279 0.036 0.090
13 0.523 0.266 0.021 0.066
13 0.552 0.260 0.019 0.048
13 0.595 0.284 0.018 0.035
13 0.674 0.268 0.033 0.089
13 0.706 0.239 0.011 0.033
13 0.844 0.241 0.030 0.074
13 0.055 0.562 0.025 0.065
13 0.099 0.544 0.019 0.040
13 0.316 0.542 0.034 0.083
13 0.364 0.536 0.022 0.072
13 0.484 0.524 0.022 0.065
13 0.534 0.524 0.033 0.084
13 0.573 0.521 0.033 0.080
13 0.617 0.521 0.026 0.077
13 0.794 0.582 0.018 0.051
13 0.879 0.596 0.016 0.031
13 0.961 0.550 0.018 0.050
13 0.959 0.224 0.016 0.040