11 0.018 0.711 0.034 0.035
11 0.010 0.736 0.018 0.021
11 0.089 0.527 0.029 0.039
13 0.556 0.604 0.024 0.013
13 0.579 0.731 0.089 0.079
13 0.785 0.711 0.033 0.026
13 0.924 0.759 0.033 0.015
13 0.991 0.871 0.019 0.016
11 0.309 0.054 0.026 0.106
6 0.413 0.342 0.824 0.236
13 0.301 0.089 0.022 0.033
13 0.085 0.121 0.010 0.016
18 0.620 0.182 0.010 0.016
18 0.669 0.186 0.009 0.018
18 0.678 0.188 0.009 0.016
18 0.616 0.103 0.029 0.011
18 0.723 0.104 0.015 0.014
18 0.707 0.226 0.009 0.019
18 0.827 0.034 0.009 0.016
18 0.744 0.022 0.010 0.016
18 0.746 0.094 0.007 0.016
18 0.774 0.196 0.009 0.015
18 0.767 0.172 0.009 0.015
18 0.945 0.600 0.015 0.010
18 0.956 0.623 0.013 0.015