13 0.297 0.814 0.026 0.089
13 0.292 0.719 0.016 0.058
13 0.296 0.639 0.025 0.092
13 0.287 0.566 0.019 0.040
11 0.366 0.598 0.050 0.109
13 0.435 0.671 0.022 0.051
13 0.434 0.754 0.033 0.091
13 0.432 0.588 0.024 0.087
13 0.561 0.948 0.101 0.026
13 0.711 0.656 0.026 0.025
13 0.708 0.697 0.021 0.019
13 0.656 0.326 0.040 0.030
13 0.646 0.249 0.018 0.015
13 0.734 0.074 0.159 0.040
13 0.846 0.129 0.048 0.145
13 0.850 0.327 0.045 0.221
13 0.818 0.429 0.037 0.011
13 0.811 0.449 0.033 0.010
13 0.849 0.448 0.039 0.011
13 0.796 0.491 0.029 0.022
13 0.825 0.478 0.025 0.014
18 0.918 0.431 0.026 0.044
18 0.904 0.374 0.013 0.030
18 0.896 0.297 0.007 0.024
13 0.834 0.553 0.039 0.024
11 0.921 0.693 0.044 0.169
11 0.843 0.548 0.086 0.091
11 0.834 0.489 0.105 0.069
13 0.724 0.912 0.026 0.011
13 0.629 0.981 0.019 0.039
13 0.671 0.981 0.013 0.039
13 0.881 0.942 0.050 0.029
13 0.941 0.939 0.059 0.031
13 0.978 0.982 0.019 0.036
18 0.894 0.104 0.006 0.013
18 0.829 0.017 0.014 0.019
18 0.360 0.006 0.010 0.009
18 0.395 0.052 0.018 0.006
18 0.440 0.061 0.015 0.015
18 0.431 0.087 0.018 0.015
18 0.424 0.129 0.007 0.016
18 0.435 0.179 0.010 0.021
18 0.522 0.028 0.021 0.006
18 0.507 0.014 0.015 0.021
13 0.367 0.579 0.021 0.052
13 0.311 0.521 0.085 0.037
13 0.316 0.489 0.101 0.029
13 0.310 0.462 0.068 0.019
13 0.304 0.429 0.092 0.024
13 0.292 0.399 0.071 0.025
13 0.300 0.369 0.072 0.024
13 0.427 0.353 0.025 0.069
13 0.954 0.188 0.064 0.193
13 0.966 0.061 0.064 0.119