11 0.049 0.202 0.095 0.299
11 0.566 0.209 0.549 0.314
11 0.623 0.902 0.640 0.196
11 0.540 0.436 0.725 0.476
11 0.554 0.688 0.792 0.486
13 0.629 0.096 0.029 0.048
13 0.599 0.106 0.029 0.048
13 0.549 0.136 0.029 0.048
13 0.497 0.160 0.029 0.048
13 0.469 0.169 0.029 0.048
13 0.822 0.089 0.029 0.048
13 0.768 0.114 0.029 0.048
13 0.688 0.153 0.028 0.049
13 0.531 0.230 0.031 0.052
13 0.504 0.241 0.026 0.055
13 0.479 0.256 0.030 0.052
13 0.408 0.290 0.031 0.050
13 0.361 0.314 0.031 0.052
13 0.308 0.333 0.036 0.058
13 0.861 0.234 0.034 0.061
13 0.806 0.258 0.037 0.064
13 0.778 0.275 0.034 0.050
13 0.721 0.303 0.035 0.056
13 0.663 0.330 0.039 0.062
13 0.637 0.339 0.031 0.060
13 0.609 0.357 0.031 0.058
13 0.580 0.368 0.037 0.061
13 0.494 0.411 0.034 0.060
13 0.471 0.430 0.034 0.060
13 0.411 0.456 0.034 0.060
13 0.362 0.475 0.035 0.052
13 0.316 0.498 0.031 0.056
13 0.292 0.512 0.029 0.040
13 0.268 0.525 0.029 0.050
13 0.222 0.549 0.031 0.050
13 0.194 0.566 0.031 0.051
13 0.257 0.627 0.036 0.064
13 0.224 0.634 0.045 0.066
13 0.351 0.579 0.035 0.058
13 0.376 0.571 0.035 0.058
13 0.449 0.535 0.035 0.058
13 0.479 0.522 0.039 0.065
13 0.507 0.503 0.035 0.061
13 0.564 0.479 0.035 0.058
13 0.593 0.468 0.040 0.061
13 0.651 0.439 0.034 0.051
13 0.676 0.421 0.026 0.052
13 0.708 0.411 0.035 0.058
13 0.728 0.394 0.030 0.052
13 0.761 0.382 0.034 0.056
13 0.844 0.339 0.034 0.059
13 0.870 0.326 0.037 0.060
13 0.191 0.857 0.061 0.099
13 0.186 0.895 0.029 0.037
13 0.211 0.824 0.031 0.046
13 0.229 0.811 0.037 0.059
13 0.257 0.796 0.031 0.045
13 0.279 0.784 0.031 0.045
13 0.301 0.771 0.033 0.055
13 0.328 0.762 0.033 0.055
13 0.402 0.726 0.031 0.046
13 0.341 0.851 0.034 0.058
13 0.443 0.808 0.033 0.056
13 0.496 0.776 0.033 0.056
13 0.489 0.686 0.031 0.059
13 0.512 0.672 0.037 0.059
13 0.542 0.659 0.037 0.059
13 0.599 0.630 0.037 0.062
13 0.627 0.619 0.031 0.054
13 0.612 0.727 0.031 0.054
13 0.638 0.709 0.031 0.054
13 0.696 0.688 0.036 0.054
13 0.682 0.591 0.033 0.055
13 0.713 0.576 0.030 0.056
13 0.749 0.651 0.031 0.058
13 0.776 0.645 0.031 0.058
13 0.735 0.564 0.028 0.052
13 0.767 0.546 0.030 0.051
13 0.794 0.535 0.039 0.060
13 0.823 0.522 0.029 0.049
13 0.854 0.509 0.035 0.055
13 0.806 0.626 0.025 0.049
13 0.831 0.618 0.031 0.051
13 0.860 0.598 0.028 0.051
13 0.892 0.588 0.046 0.070
13 0.875 0.492 0.035 0.062
13 0.906 0.482 0.026 0.055
13 0.432 0.969 0.029 0.051