11 0.843 0.435 0.092 0.475
11 0.550 0.122 0.470 0.076
11 0.231 0.436 0.087 0.424
11 0.545 0.804 0.465 0.087
11 0.274 0.739 0.207 0.139
18 0.013 0.660 0.007 0.015
18 0.092 0.174 0.005 0.013
18 0.045 0.448 0.007 0.011
18 0.056 0.304 0.006 0.009
18 0.091 0.274 0.007 0.011
13 0.235 0.234 0.080 0.013
13 0.212 0.268 0.044 0.011
13 0.214 0.287 0.045 0.013
13 0.213 0.303 0.044 0.011
13 0.214 0.355 0.050 0.013
13 0.216 0.371 0.051 0.011
13 0.214 0.388 0.048 0.013
13 0.211 0.403 0.041 0.011
13 0.209 0.422 0.041 0.010
13 0.212 0.437 0.048 0.011
13 0.212 0.455 0.046 0.013
13 0.213 0.469 0.049 0.014
13 0.211 0.489 0.041 0.014
13 0.210 0.504 0.043 0.010
13 0.210 0.557 0.043 0.014
13 0.206 0.572 0.037 0.011
13 0.208 0.590 0.039 0.013
13 0.212 0.606 0.050 0.014
13 0.206 0.624 0.040 0.013
13 0.366 0.685 0.025 0.025
13 0.328 0.722 0.025 0.019
13 0.243 0.766 0.059 0.058
13 0.303 0.708 0.071 0.074
13 0.737 0.806 0.019 0.080
13 0.712 0.805 0.019 0.075
13 0.688 0.806 0.016 0.079
13 0.662 0.808 0.016 0.074
13 0.593 0.816 0.013 0.052
13 0.573 0.815 0.018 0.060
13 0.535 0.816 0.015 0.046
13 0.519 0.823 0.013 0.035
13 0.501 0.815 0.014 0.052
13 0.464 0.816 0.014 0.049
13 0.428 0.816 0.014 0.054
13 0.411 0.816 0.015 0.051
13 0.392 0.816 0.016 0.054
13 0.356 0.806 0.015 0.055
13 0.339 0.812 0.013 0.043
13 0.321 0.814 0.015 0.045
13 0.322 0.116 0.011 0.049
13 0.373 0.117 0.011 0.044
13 0.391 0.112 0.011 0.036
13 0.409 0.108 0.013 0.034
13 0.427 0.121 0.013 0.058
13 0.444 0.120 0.013 0.050
13 0.463 0.114 0.013 0.044
13 0.479 0.113 0.013 0.036
13 0.497 0.116 0.011 0.040
13 0.536 0.114 0.009 0.037
13 0.552 0.117 0.011 0.039
13 0.569 0.112 0.011 0.036
13 0.584 0.131 0.016 0.059
13 0.604 0.122 0.014 0.054
13 0.621 0.111 0.010 0.026
13 0.656 0.119 0.013 0.049
13 0.675 0.114 0.010 0.033
13 0.692 0.115 0.009 0.022
13 0.710 0.120 0.013 0.050
13 0.726 0.108 0.009 0.024
13 0.743 0.119 0.011 0.048
13 0.757 0.123 0.011 0.036
13 0.779 0.130 0.015 0.055
13 0.851 0.206 0.075 0.015
13 0.865 0.231 0.048 0.011
13 0.861 0.270 0.054 0.015
13 0.849 0.289 0.076 0.016
13 0.859 0.312 0.049 0.014
13 0.849 0.332 0.072 0.016
13 0.851 0.353 0.062 0.016
13 0.868 0.377 0.019 0.009
13 0.853 0.395 0.068 0.015
13 0.855 0.416 0.052 0.014
13 0.844 0.438 0.080 0.015
13 0.852 0.456 0.066 0.015
13 0.850 0.477 0.060 0.014
13 0.850 0.519 0.070 0.018
13 0.844 0.561 0.076 0.018
13 0.851 0.601 0.060 0.014
13 0.840 0.647 0.087 0.019