11 0.270 0.478 0.302 0.526
18 0.559 0.450 0.026 0.020
18 0.790 0.271 0.015 0.015
18 0.824 0.121 0.010 0.016
18 0.512 0.343 0.009 0.015
18 0.523 0.351 0.009 0.016
18 0.536 0.357 0.009 0.019
18 0.552 0.366 0.009 0.016
18 0.563 0.375 0.009 0.015
13 0.129 0.704 0.041 0.066
13 0.172 0.621 0.050 0.070
13 0.151 0.725 0.025 0.033
13 0.216 0.547 0.030 0.045
13 0.251 0.483 0.040 0.064
13 0.295 0.406 0.045 0.065
13 0.345 0.315 0.043 0.068
13 0.388 0.246 0.025 0.036
13 0.347 0.372 0.028 0.039
13 0.314 0.437 0.035 0.046
13 0.276 0.499 0.018 0.028
13 0.184 0.664 0.029 0.037