11 0.468 0.488 0.775 0.684
13 0.106 0.818 0.024 0.026
13 0.176 0.746 0.024 0.016
13 0.233 0.666 0.026 0.025
13 0.269 0.627 0.022 0.030
13 0.303 0.624 0.031 0.028
13 0.307 0.589 0.025 0.028
13 0.351 0.578 0.034 0.030
13 0.334 0.562 0.028 0.031
13 0.370 0.532 0.028 0.031
13 0.400 0.497 0.028 0.031
13 0.436 0.459 0.035 0.039
13 0.469 0.427 0.035 0.039
13 0.519 0.381 0.033 0.033
13 0.557 0.337 0.035 0.039
13 0.590 0.305 0.028 0.025
13 0.620 0.279 0.028 0.025
13 0.646 0.250 0.028 0.025
13 0.677 0.221 0.028 0.025
13 0.713 0.222 0.031 0.029
13 0.678 0.254 0.031 0.029
13 0.649 0.283 0.031 0.029
13 0.596 0.332 0.031 0.029
13 0.626 0.303 0.021 0.026
13 0.561 0.368 0.031 0.029
13 0.523 0.406 0.031 0.029
13 0.458 0.473 0.031 0.029
13 0.422 0.511 0.031 0.029
13 0.383 0.549 0.031 0.029