11 0.854 0.552 0.275 0.581
11 0.665 0.482 0.305 0.584
11 0.481 0.446 0.266 0.632
11 0.427 0.133 0.037 0.070
11 0.219 0.430 0.291 0.512
11 0.111 0.362 0.175 0.381
11 0.781 0.904 0.343 0.139
13 0.852 0.912 0.026 0.020
13 0.200 0.630 0.068 0.028
13 0.182 0.675 0.055 0.030
13 0.744 0.799 0.037 0.020
13 0.803 0.819 0.049 0.022
13 0.109 0.389 0.036 0.018
13 0.129 0.327 0.035 0.019
13 0.151 0.270 0.031 0.018
13 0.139 0.300 0.036 0.020
13 0.049 0.441 0.025 0.035
13 0.097 0.417 0.031 0.016
13 0.090 0.433 0.030 0.019
13 0.083 0.447 0.025 0.014
13 0.084 0.463 0.037 0.016
13 0.075 0.477 0.033 0.018
13 0.060 0.507 0.037 0.020
13 0.057 0.527 0.034 0.016
13 0.052 0.540 0.034 0.020
13 0.186 0.179 0.033 0.015
13 0.173 0.208 0.031 0.021
13 0.169 0.227 0.037 0.024
13 0.269 0.187 0.039 0.024
13 0.339 0.208 0.054 0.031
13 0.268 0.206 0.033 0.021
13 0.263 0.223 0.039 0.021
13 0.258 0.241 0.040 0.020
13 0.329 0.258 0.069 0.040
13 0.322 0.287 0.071 0.037
13 0.250 0.259 0.040 0.019
13 0.244 0.279 0.039 0.021
13 0.240 0.297 0.040 0.024
13 0.298 0.339 0.059 0.029
13 0.226 0.333 0.037 0.019
13 0.287 0.367 0.056 0.029
13 0.222 0.350 0.039 0.022
13 0.212 0.368 0.035 0.019
13 0.208 0.389 0.036 0.020
13 0.204 0.405 0.033 0.018
13 0.194 0.443 0.037 0.021
13 0.183 0.461 0.034 0.019
13 0.179 0.479 0.040 0.020
13 0.286 0.393 0.069 0.026
13 0.273 0.421 0.062 0.031
13 0.263 0.448 0.062 0.031
13 0.256 0.473 0.062 0.036
13 0.251 0.502 0.077 0.041
13 0.326 0.534 0.013 0.022
13 0.219 0.577 0.061 0.031
13 0.168 0.516 0.041 0.021
13 0.161 0.532 0.040 0.019
13 0.147 0.571 0.035 0.024
13 0.139 0.589 0.034 0.022
13 0.124 0.604 0.050 0.029
13 0.201 0.603 0.050 0.025
13 0.361 0.749 0.087 0.033
13 0.401 0.736 0.045 0.022
13 0.347 0.713 0.049 0.026
13 0.411 0.706 0.040 0.022
13 0.354 0.686 0.044 0.025
13 0.359 0.667 0.036 0.022
13 0.364 0.649 0.046 0.028
13 0.430 0.651 0.043 0.024
13 0.438 0.629 0.040 0.024
13 0.444 0.613 0.043 0.022
13 0.379 0.608 0.037 0.022
13 0.384 0.586 0.044 0.025
13 0.396 0.566 0.040 0.015
13 0.402 0.548 0.041 0.021
13 0.459 0.569 0.049 0.020
13 0.412 0.507 0.044 0.022
13 0.411 0.527 0.046 0.020
13 0.474 0.529 0.048 0.021
13 0.479 0.509 0.040 0.024
13 0.487 0.492 0.054 0.029
13 0.418 0.489 0.046 0.028
13 0.436 0.449 0.034 0.019
13 0.443 0.431 0.041 0.028
13 0.503 0.451 0.051 0.026
13 0.491 0.468 0.039 0.019
13 0.449 0.409 0.035 0.019
13 0.453 0.391 0.035 0.021
13 0.454 0.370 0.048 0.028
13 0.469 0.352 0.039 0.019
13 0.476 0.329 0.044 0.021
13 0.481 0.309 0.043 0.019
13 0.490 0.292 0.048 0.020
13 0.507 0.434 0.049 0.025
13 0.515 0.411 0.045 0.021
13 0.519 0.393 0.048 0.025
13 0.526 0.372 0.045 0.024
13 0.542 0.332 0.049 0.021
13 0.546 0.312 0.040 0.015
13 0.549 0.293 0.045 0.021
13 0.497 0.274 0.043 0.024
13 0.560 0.276 0.045 0.022
13 0.573 0.239 0.048 0.024
13 0.577 0.219 0.039 0.021
13 0.596 0.161 0.043 0.022
13 0.499 0.254 0.048 0.022
13 0.505 0.234 0.040 0.020
13 0.509 0.216 0.052 0.029
13 0.516 0.194 0.052 0.024
13 0.522 0.180 0.050 0.028
13 0.532 0.156 0.048 0.025
13 0.534 0.141 0.048 0.026
13 0.542 0.726 0.055 0.026
13 0.549 0.702 0.051 0.021
13 0.558 0.683 0.049 0.021
13 0.568 0.657 0.039 0.020
13 0.570 0.633 0.055 0.034
13 0.584 0.611 0.048 0.028
13 0.591 0.591 0.046 0.025
13 0.596 0.566 0.060 0.025
13 0.674 0.568 0.059 0.026
13 0.657 0.613 0.051 0.024
13 0.648 0.638 0.049 0.029
13 0.637 0.661 0.050 0.025
13 0.631 0.681 0.050 0.028
13 0.623 0.731 0.061 0.035
13 0.610 0.749 0.055 0.028
13 0.808 0.799 0.036 0.021
13 0.760 0.759 0.043 0.022
13 0.765 0.738 0.035 0.020
13 0.767 0.719 0.046 0.026
13 0.838 0.721 0.045 0.028
13 0.840 0.701 0.033 0.020
13 0.789 0.681 0.033 0.021
13 0.794 0.660 0.046 0.025
13 0.844 0.680 0.036 0.020
13 0.858 0.661 0.044 0.024
13 0.797 0.637 0.049 0.025
13 0.799 0.620 0.049 0.022
13 0.863 0.641 0.036 0.019
13 0.875 0.607 0.050 0.031
13 0.814 0.603 0.043 0.022
13 0.821 0.583 0.040 0.019
13 0.879 0.584 0.040 0.021
13 0.606 0.546 0.051 0.029
13 0.684 0.546 0.059 0.033
13 0.693 0.526 0.044 0.025
13 0.615 0.521 0.055 0.028
13 0.619 0.501 0.050 0.029
13 0.629 0.476 0.052 0.028
13 0.637 0.455 0.049 0.025
13 0.704 0.478 0.052 0.031
13 0.699 0.502 0.058 0.025
13 0.657 0.411 0.050 0.029
13 0.658 0.386 0.059 0.028
13 0.673 0.365 0.039 0.022
13 0.724 0.434 0.059 0.029
13 0.731 0.410 0.055 0.030
13 0.736 0.390 0.055 0.025
13 0.744 0.363 0.051 0.026
13 0.828 0.561 0.046 0.028
13 0.831 0.543 0.046 0.024
13 0.892 0.566 0.041 0.022
13 0.837 0.524 0.031 0.022
13 0.903 0.529 0.044 0.022
13 0.908 0.507 0.041 0.026
13 0.848 0.487 0.046 0.019
13 0.860 0.467 0.045 0.024
13 0.868 0.449 0.035 0.018
13 0.874 0.430 0.043 0.025
13 0.878 0.409 0.044 0.025
13 0.931 0.431 0.043 0.021
13 0.944 0.412 0.046 0.024
13 0.890 0.391 0.037 0.024
13 0.890 0.369 0.040 0.019
13 0.901 0.347 0.049 0.022
13 0.958 0.371 0.044 0.024
13 0.681 0.339 0.049 0.029
13 0.753 0.343 0.061 0.026
13 0.683 0.317 0.059 0.031
13 0.693 0.295 0.054 0.028
13 0.702 0.274 0.056 0.030
13 0.708 0.249 0.051 0.025
13 0.717 0.226 0.051 0.025
13 0.726 0.206 0.048 0.024
13 0.794 0.229 0.050 0.031
13 0.774 0.276 0.058 0.034
13 0.759 0.321 0.052 0.030
13 0.924 0.272 0.037 0.021
13 0.918 0.290 0.039 0.022
13 0.915 0.311 0.048 0.022