18 0.276 0.417 0.019 0.022
18 0.412 0.392 0.020 0.024
18 0.427 0.427 0.021 0.030
18 0.290 0.521 0.030 0.011
18 0.357 0.509 0.055 0.018
18 0.526 0.477 0.059 0.019
18 0.926 0.459 0.026 0.010
18 0.963 0.435 0.024 0.010
18 0.935 0.511 0.025 0.014
18 0.766 0.569 0.028 0.024
18 0.694 0.723 0.025 0.029
18 0.741 0.721 0.026 0.033
18 0.532 0.581 0.026 0.013
18 0.664 0.659 0.024 0.028
18 0.668 0.674 0.024 0.015
18 0.391 0.700 0.011 0.015
18 0.396 0.737 0.010 0.014
18 0.501 0.765 0.018 0.025
18 0.564 0.736 0.025 0.007
18 0.347 0.799 0.010 0.018
0 0.534 0.689 0.823 0.375
0 0.476 0.434 0.906 0.270
12 0.687 0.495 0.029 0.065
18 0.583 0.465 0.029 0.013