11 0.662 0.885 0.654 0.117
11 0.835 0.552 0.225 0.559
11 0.514 0.454 0.215 0.746
11 0.195 0.435 0.223 0.710
13 0.144 0.106 0.065 0.020
13 0.138 0.150 0.085 0.030
13 0.139 0.190 0.085 0.030
13 0.142 0.236 0.075 0.030
13 0.138 0.274 0.075 0.030
13 0.136 0.319 0.075 0.030
13 0.139 0.404 0.070 0.030
13 0.131 0.444 0.079 0.030
13 0.142 0.491 0.079 0.030
13 0.128 0.527 0.079 0.030
13 0.136 0.573 0.066 0.029
13 0.129 0.614 0.075 0.028
13 0.139 0.657 0.065 0.030
13 0.130 0.704 0.083 0.034
13 0.239 0.107 0.076 0.028
13 0.247 0.144 0.076 0.030
13 0.249 0.188 0.076 0.030
13 0.246 0.232 0.066 0.031
13 0.241 0.277 0.071 0.031
13 0.258 0.319 0.092 0.034
13 0.244 0.362 0.070 0.029
13 0.246 0.406 0.070 0.029
13 0.244 0.491 0.083 0.030
13 0.239 0.534 0.083 0.030
13 0.237 0.579 0.070 0.028
13 0.242 0.621 0.095 0.029
13 0.234 0.663 0.081 0.031
13 0.242 0.761 0.105 0.058
13 0.456 0.119 0.077 0.028
13 0.562 0.124 0.075 0.037
13 0.562 0.257 0.085 0.026
13 0.556 0.299 0.066 0.026
13 0.561 0.341 0.066 0.026
13 0.559 0.384 0.072 0.029
13 0.557 0.423 0.072 0.029
13 0.560 0.468 0.072 0.029
13 0.555 0.513 0.072 0.029
13 0.451 0.382 0.072 0.029
13 0.451 0.427 0.072 0.029
13 0.451 0.466 0.072 0.029
13 0.449 0.508 0.072 0.029
13 0.459 0.555 0.061 0.028
13 0.451 0.598 0.061 0.028
13 0.562 0.594 0.061 0.028
13 0.561 0.639 0.061 0.028
13 0.552 0.682 0.061 0.028
13 0.559 0.726 0.061 0.028
13 0.548 0.760 0.061 0.028
13 0.553 0.804 0.061 0.028
13 0.448 0.639 0.080 0.026
13 0.454 0.679 0.069 0.025
13 0.444 0.724 0.069 0.025
13 0.446 0.762 0.069 0.025
13 0.449 0.812 0.069 0.025
13 0.482 0.891 0.026 0.060
13 0.526 0.894 0.026 0.060
13 0.570 0.889 0.028 0.079
13 0.611 0.895 0.035 0.092
13 0.653 0.894 0.026 0.058
13 0.696 0.891 0.026 0.058
13 0.738 0.889 0.035 0.081
13 0.777 0.895 0.029 0.065
13 0.871 0.899 0.029 0.065
13 0.907 0.888 0.021 0.051
13 0.952 0.897 0.029 0.068
13 0.772 0.301 0.080 0.030
13 0.885 0.411 0.080 0.030
13 0.766 0.427 0.080 0.030
13 0.765 0.514 0.080 0.030
13 0.762 0.598 0.080 0.030
13 0.879 0.633 0.101 0.031
13 0.769 0.644 0.062 0.022
13 0.763 0.688 0.084 0.028
13 0.879 0.679 0.090 0.028
13 0.766 0.725 0.068 0.020
13 0.883 0.726 0.104 0.031
13 0.887 0.770 0.110 0.028
13 0.877 0.814 0.104 0.036
13 0.763 0.816 0.069 0.022