13 0.695 0.561 0.040 0.034
13 0.724 0.536 0.033 0.033
13 0.711 0.548 0.029 0.029
13 0.735 0.522 0.033 0.031
13 0.758 0.497 0.031 0.026
13 0.827 0.423 0.036 0.034
13 0.839 0.410 0.031 0.030
13 0.627 0.476 0.026 0.024
13 0.646 0.454 0.030 0.029
13 0.729 0.364 0.024 0.025
13 0.675 0.354 0.028 0.026
13 0.695 0.335 0.030 0.028
13 0.728 0.304 0.024 0.022
13 0.739 0.291 0.026 0.025
13 0.517 0.333 0.020 0.018
13 0.544 0.359 0.026 0.024
13 0.591 0.311 0.024 0.022
13 0.581 0.266 0.019 0.018
13 0.637 0.261 0.025 0.022
13 0.610 0.236 0.022 0.021
13 0.616 0.225 0.022 0.020
13 0.664 0.232 0.022 0.024
13 0.676 0.221 0.019 0.021
13 0.636 0.206 0.019 0.019
11 0.386 0.338 0.440 0.476
11 0.333 0.534 0.198 0.212
11 0.390 0.588 0.198 0.204
11 0.444 0.652 0.188 0.198
11 0.738 0.556 0.335 0.356
11 0.691 0.391 0.254 0.236
11 0.609 0.304 0.324 0.266
13 0.355 0.399 0.020 0.021
13 0.372 0.375 0.020 0.022
18 0.935 0.051 0.013 0.006
18 0.951 0.041 0.011 0.014