13 0.699 0.439 0.115 0.031
13 0.171 0.432 0.126 0.031
13 0.412 0.480 0.129 0.035
13 0.494 0.472 0.020 0.046
13 0.901 0.442 0.084 0.026
13 0.153 0.773 0.074 0.231
13 0.210 0.586 0.102 0.044
13 0.228 0.655 0.111 0.043
13 0.711 0.795 0.113 0.043
13 0.434 0.627 0.107 0.037
13 0.527 0.607 0.069 0.024
13 0.465 0.574 0.172 0.054
13 0.825 0.728 0.068 0.022
13 0.824 0.667 0.059 0.022
13 0.953 0.534 0.069 0.025
13 0.959 0.561 0.036 0.018
13 0.956 0.591 0.062 0.022
13 0.958 0.619 0.055 0.020
13 0.961 0.665 0.025 0.013
13 0.956 0.691 0.045 0.019
13 0.491 0.315 0.026 0.010
13 0.568 0.311 0.034 0.014
13 0.689 0.309 0.079 0.025
13 0.955 0.714 0.040 0.016
13 0.955 0.733 0.037 0.014
13 0.959 0.756 0.028 0.015
13 0.915 0.765 0.025 0.015
18 0.963 0.862 0.007 0.019
18 0.919 0.800 0.010 0.020
18 0.868 0.811 0.009 0.019
18 0.798 0.826 0.011 0.019
18 0.746 0.839 0.009 0.020
18 0.996 0.934 0.007 0.019
18 0.810 0.901 0.010 0.024
13 0.984 0.430 0.033 0.030
13 0.741 0.638 0.072 0.024
13 0.739 0.667 0.081 0.024
13 0.752 0.767 0.024 0.010
13 0.553 0.688 0.084 0.034
13 0.557 0.718 0.084 0.033
13 0.454 0.719 0.079 0.035
13 0.454 0.752 0.089 0.040
13 0.570 0.771 0.068 0.028
13 0.574 0.796 0.080 0.031
13 0.210 0.623 0.083 0.037
13 0.228 0.686 0.095 0.035
13 0.234 0.724 0.090 0.037
13 0.237 0.754 0.091 0.039
11 0.498 0.703 0.254 0.336
11 0.297 0.675 0.431 0.555
11 0.814 0.443 0.371 0.066
11 0.756 0.707 0.216 0.249
11 0.956 0.640 0.089 0.263