13 0.313 0.126 0.064 0.030
13 0.877 0.714 0.217 0.056
11 0.399 0.521 0.754 0.214
13 0.864 0.633 0.171 0.051
11 0.366 0.826 0.730 0.171
13 0.182 0.451 0.195 0.059
13 0.414 0.453 0.242 0.068
13 0.048 0.546 0.045 0.139
13 0.097 0.570 0.016 0.045
13 0.254 0.577 0.028 0.091
13 0.384 0.582 0.021 0.051
13 0.444 0.566 0.022 0.054
13 0.480 0.586 0.022 0.050
13 0.531 0.581 0.030 0.101
13 0.030 0.804 0.037 0.106
13 0.082 0.803 0.039 0.106
13 0.133 0.807 0.036 0.106
13 0.212 0.843 0.039 0.089
13 0.258 0.837 0.036 0.111
13 0.330 0.856 0.022 0.060
13 0.369 0.836 0.036 0.114
13 0.587 0.838 0.029 0.096
13 0.699 0.843 0.033 0.084
13 0.573 0.589 0.036 0.102
13 0.716 0.474 0.119 0.041
13 0.626 0.571 0.026 0.065
13 0.670 0.583 0.033 0.087