13 0.787 0.433 0.055 0.024
13 0.791 0.553 0.065 0.019
13 0.786 0.582 0.051 0.016
13 0.828 0.608 0.014 0.025
13 0.828 0.647 0.013 0.021
13 0.788 0.698 0.029 0.014
13 0.797 0.668 0.049 0.019
13 0.796 0.741 0.051 0.019
13 0.713 0.762 0.033 0.014
13 0.272 0.450 0.011 0.020
13 0.267 0.698 0.011 0.024
13 0.403 0.696 0.014 0.029
13 0.410 0.436 0.010 0.024
13 0.126 0.623 0.010 0.024
13 0.394 0.736 0.028 0.013
13 0.557 0.532 0.011 0.028
13 0.559 0.649 0.013 0.030
13 0.559 0.615 0.010 0.030
13 0.563 0.404 0.011 0.030
13 0.831 0.494 0.009 0.028
13 0.829 0.527 0.009 0.022
13 0.411 0.479 0.013 0.030
13 0.938 0.752 0.025 0.009
13 0.885 0.754 0.033 0.009
13 0.276 0.367 0.016 0.028
13 0.596 0.270 0.026 0.010
13 0.023 0.499 0.016 0.010
13 0.203 0.329 0.040 0.010
11 0.071 0.512 0.128 0.393
11 0.209 0.494 0.149 0.524
11 0.366 0.517 0.107 0.453
11 0.518 0.560 0.109 0.417
11 0.649 0.580 0.102 0.445
11 0.789 0.524 0.110 0.463
11 0.936 0.520 0.129 0.507
13 0.786 0.458 0.051 0.018
13 0.791 0.601 0.036 0.014
13 0.787 0.628 0.036 0.014
13 0.787 0.717 0.030 0.011