11 0.706 0.614 0.519 0.135
11 0.683 0.286 0.631 0.158
11 0.710 0.866 0.468 0.115
13 0.704 0.885 0.028 0.060
13 0.526 0.289 0.022 0.065
13 0.557 0.291 0.025 0.069
13 0.625 0.289 0.022 0.054
13 0.656 0.303 0.026 0.076
13 0.688 0.306 0.024 0.076
13 0.722 0.308 0.029 0.071
13 0.754 0.312 0.025 0.069
13 0.787 0.315 0.025 0.065
13 0.820 0.324 0.028 0.070
13 0.853 0.323 0.025 0.061
13 0.540 0.601 0.022 0.058
13 0.565 0.606 0.022 0.055
13 0.598 0.611 0.020 0.059
13 0.621 0.613 0.022 0.056
13 0.650 0.616 0.022 0.060
13 0.675 0.618 0.025 0.056
13 0.706 0.621 0.021 0.058
13 0.762 0.626 0.026 0.059
13 0.814 0.634 0.021 0.064
13 0.838 0.635 0.022 0.062
13 0.890 0.644 0.030 0.068
13 0.917 0.644 0.021 0.041