11 0.163 0.482 0.158 0.591
11 0.372 0.481 0.154 0.598
11 0.614 0.478 0.169 0.599
11 0.870 0.477 0.195 0.595
18 0.128 0.859 0.014 0.029
18 0.309 0.869 0.013 0.028
18 0.576 0.866 0.013 0.033
18 0.846 0.866 0.014 0.034
18 0.888 0.866 0.019 0.034
13 0.207 0.731 0.051 0.015
13 0.205 0.703 0.052 0.019
13 0.129 0.733 0.048 0.018
13 0.121 0.680 0.058 0.022
13 0.199 0.677 0.033 0.014
13 0.116 0.649 0.062 0.020
13 0.119 0.622 0.056 0.019
13 0.206 0.649 0.055 0.015
13 0.207 0.619 0.046 0.011
13 0.125 0.591 0.050 0.015
13 0.121 0.568 0.058 0.020
13 0.121 0.537 0.056 0.016
13 0.122 0.506 0.050 0.015
13 0.213 0.565 0.059 0.018
13 0.206 0.537 0.050 0.014
13 0.204 0.509 0.046 0.013
13 0.212 0.479 0.051 0.016
13 0.120 0.481 0.048 0.015
13 0.119 0.454 0.060 0.019
13 0.124 0.424 0.050 0.015
13 0.207 0.423 0.051 0.016
13 0.203 0.396 0.051 0.015
13 0.122 0.400 0.045 0.018
13 0.203 0.368 0.051 0.016
13 0.202 0.337 0.046 0.014
13 0.203 0.311 0.041 0.013
13 0.114 0.344 0.060 0.018
13 0.119 0.312 0.051 0.014
13 0.119 0.286 0.048 0.014
13 0.119 0.254 0.050 0.014
13 0.196 0.228 0.048 0.013
13 0.119 0.230 0.046 0.018
13 0.123 0.195 0.066 0.018
13 0.201 0.196 0.064 0.020
13 0.329 0.193 0.070 0.021
13 0.415 0.194 0.062 0.019
13 0.333 0.226 0.055 0.018
13 0.417 0.228 0.060 0.021
13 0.336 0.254 0.051 0.015
13 0.334 0.282 0.059 0.020
13 0.415 0.281 0.052 0.016
13 0.333 0.310 0.046 0.018
13 0.416 0.311 0.048 0.016
13 0.411 0.336 0.040 0.011
13 0.335 0.339 0.050 0.015
13 0.412 0.365 0.039 0.015
13 0.338 0.368 0.044 0.011
13 0.419 0.394 0.052 0.015
13 0.415 0.422 0.055 0.018
13 0.336 0.423 0.051 0.016
13 0.416 0.477 0.051 0.018
13 0.333 0.477 0.054 0.015
13 0.420 0.506 0.062 0.018
13 0.422 0.534 0.059 0.016
13 0.418 0.564 0.049 0.015
13 0.338 0.508 0.044 0.014
13 0.334 0.535 0.048 0.018
13 0.421 0.590 0.056 0.018
13 0.341 0.561 0.039 0.013
13 0.338 0.621 0.044 0.015
13 0.338 0.647 0.049 0.015
13 0.417 0.619 0.051 0.015
13 0.421 0.676 0.054 0.016
13 0.414 0.703 0.037 0.015
13 0.344 0.675 0.033 0.015
13 0.337 0.731 0.051 0.015
13 0.565 0.189 0.065 0.021
13 0.654 0.190 0.075 0.020
13 0.656 0.223 0.064 0.019
13 0.561 0.224 0.062 0.019
13 0.658 0.252 0.064 0.021
13 0.568 0.253 0.052 0.016
13 0.566 0.283 0.060 0.019
13 0.567 0.311 0.059 0.018
13 0.656 0.312 0.059 0.020
13 0.658 0.341 0.059 0.020
13 0.646 0.369 0.043 0.015
13 0.659 0.404 0.065 0.018
13 0.653 0.434 0.049 0.018
13 0.650 0.461 0.035 0.014
13 0.569 0.434 0.052 0.018
13 0.571 0.462 0.060 0.021
13 0.573 0.493 0.050 0.019
13 0.655 0.522 0.058 0.016
13 0.660 0.552 0.062 0.016
13 0.657 0.579 0.062 0.019
13 0.569 0.549 0.061 0.024
13 0.577 0.520 0.041 0.018
13 0.661 0.609 0.061 0.019
13 0.570 0.582 0.065 0.019
13 0.660 0.639 0.068 0.019
13 0.570 0.643 0.062 0.021
13 0.567 0.609 0.059 0.018
13 0.662 0.669 0.061 0.022
13 0.574 0.669 0.055 0.020
13 0.665 0.700 0.065 0.022
13 0.568 0.703 0.070 0.024
13 0.582 0.730 0.031 0.010
13 0.665 0.762 0.070 0.024
13 0.579 0.759 0.050 0.019
13 0.810 0.191 0.062 0.024
13 0.921 0.187 0.096 0.024
13 0.914 0.222 0.086 0.024
13 0.907 0.253 0.059 0.019
13 0.816 0.223 0.056 0.021
13 0.811 0.256 0.066 0.022
13 0.909 0.285 0.079 0.022
13 0.808 0.287 0.069 0.020
13 0.910 0.318 0.070 0.021
13 0.814 0.316 0.065 0.018
13 0.910 0.348 0.075 0.021
13 0.908 0.378 0.076 0.022
13 0.911 0.411 0.069 0.020
13 0.912 0.440 0.077 0.022
13 0.912 0.473 0.077 0.024
13 0.911 0.504 0.071 0.019
13 0.906 0.538 0.060 0.021
13 0.914 0.564 0.072 0.024
13 0.908 0.599 0.069 0.019
13 0.912 0.629 0.071 0.024
13 0.808 0.381 0.056 0.019
13 0.813 0.412 0.069 0.020
13 0.811 0.442 0.070 0.024
13 0.813 0.474 0.061 0.019
13 0.816 0.506 0.056 0.022
13 0.819 0.536 0.052 0.019
13 0.815 0.569 0.058 0.024
13 0.817 0.598 0.059 0.019
13 0.812 0.631 0.066 0.020
13 0.912 0.725 0.075 0.022
13 0.814 0.756 0.050 0.018
13 0.911 0.693 0.056 0.021
13 0.819 0.661 0.060 0.022
13 0.817 0.696 0.059 0.019
13 0.816 0.724 0.058 0.018