11 0.477 0.414 0.953 0.177
13 0.110 0.065 0.048 0.035
13 0.329 0.041 0.059 0.036
13 0.507 0.114 0.049 0.015
13 0.188 0.121 0.045 0.030
13 0.028 0.463 0.018 0.062
13 0.030 0.379 0.020 0.064
13 0.064 0.376 0.022 0.089
13 0.058 0.468 0.018 0.066
13 0.084 0.472 0.014 0.037
13 0.109 0.470 0.018 0.062
13 0.160 0.471 0.015 0.052
13 0.100 0.376 0.025 0.071
13 0.131 0.371 0.022 0.072
13 0.204 0.386 0.021 0.066
13 0.184 0.468 0.016 0.048
13 0.209 0.466 0.015 0.050
13 0.229 0.469 0.016 0.050
13 0.253 0.466 0.013 0.045
13 0.279 0.461 0.013 0.040
13 0.303 0.467 0.016 0.041
13 0.327 0.464 0.011 0.035
13 0.244 0.379 0.025 0.070
13 0.279 0.372 0.025 0.080
13 0.326 0.377 0.029 0.096
13 0.360 0.359 0.020 0.061
13 0.421 0.362 0.015 0.052
13 0.419 0.431 0.011 0.037
13 0.445 0.439 0.018 0.059
13 0.472 0.438 0.019 0.046
13 0.459 0.362 0.020 0.066
13 0.522 0.364 0.015 0.039
13 0.522 0.438 0.015 0.052
13 0.544 0.370 0.014 0.033
13 0.542 0.431 0.013 0.033
13 0.574 0.436 0.015 0.043
13 0.584 0.361 0.022 0.058
13 0.649 0.366 0.016 0.035
13 0.624 0.453 0.022 0.068
13 0.653 0.449 0.019 0.058
13 0.739 0.368 0.016 0.051
13 0.752 0.452 0.024 0.066
13 0.781 0.449 0.022 0.064
13 0.796 0.372 0.013 0.033
13 0.837 0.368 0.014 0.044
13 0.820 0.451 0.025 0.071
13 0.851 0.451 0.018 0.069
13 0.896 0.452 0.022 0.066
13 0.863 0.367 0.015 0.055
13 0.902 0.366 0.015 0.045
13 0.940 0.420 0.030 0.122