11 0.214 0.487 0.210 0.940
11 0.499 0.681 0.149 0.637
13 0.234 0.041 0.105 0.030
13 0.171 0.092 0.087 0.033
13 0.274 0.093 0.072 0.019
13 0.177 0.134 0.083 0.021
13 0.278 0.133 0.085 0.028
13 0.177 0.168 0.072 0.028
13 0.266 0.168 0.056 0.019
13 0.179 0.219 0.066 0.020
13 0.273 0.217 0.066 0.026
13 0.183 0.252 0.059 0.021
13 0.174 0.299 0.065 0.021
13 0.274 0.301 0.084 0.030
13 0.261 0.342 0.065 0.024
13 0.172 0.393 0.074 0.022
13 0.263 0.398 0.064 0.022
13 0.261 0.429 0.064 0.019
13 0.173 0.429 0.054 0.015
13 0.163 0.483 0.070 0.021
13 0.269 0.487 0.087 0.029
13 0.164 0.519 0.072 0.022
13 0.263 0.522 0.071 0.021
13 0.266 0.571 0.071 0.021
13 0.163 0.564 0.072 0.021
13 0.157 0.622 0.086 0.034
13 0.263 0.624 0.072 0.030
13 0.159 0.664 0.072 0.025
13 0.250 0.659 0.062 0.020
13 0.253 0.693 0.066 0.026
13 0.251 0.724 0.060 0.021
13 0.156 0.749 0.071 0.025
13 0.164 0.781 0.049 0.018
13 0.251 0.786 0.070 0.024
13 0.151 0.814 0.074 0.020
13 0.259 0.859 0.077 0.033
13 0.168 0.873 0.052 0.016
13 0.259 0.909 0.076 0.028
13 0.149 0.917 0.085 0.045
13 0.490 0.430 0.065 0.083
13 0.545 0.394 0.052 0.058
13 0.488 0.701 0.081 0.024
13 0.499 0.768 0.064 0.021
13 0.504 0.802 0.056 0.025
13 0.506 0.834 0.059 0.021
13 0.501 0.869 0.058 0.021
13 0.481 0.927 0.101 0.037
13 0.484 0.971 0.106 0.033