18 0.032 0.453 0.021 0.009
18 0.163 0.443 0.021 0.007
18 0.518 0.450 0.024 0.007
11 0.139 0.664 0.121 0.300
11 0.222 0.048 0.081 0.043
11 0.812 0.187 0.245 0.124
6 0.402 0.456 0.469 0.059
13 0.172 0.801 0.022 0.034
13 0.117 0.671 0.043 0.015
13 0.148 0.638 0.099 0.029
13 0.122 0.603 0.031 0.015
13 0.128 0.579 0.037 0.016
13 0.176 0.583 0.036 0.016
13 0.163 0.534 0.034 0.014
13 0.743 0.159 0.020 0.058
13 0.774 0.160 0.015 0.040
13 0.829 0.154 0.019 0.054
13 0.146 0.331 0.015 0.029
13 0.221 0.348 0.024 0.044
13 0.204 0.177 0.044 0.021
13 0.216 0.114 0.037 0.020
11 0.217 0.100 0.072 0.025
11 0.207 0.161 0.076 0.022
11 0.189 0.233 0.079 0.037