14 0.460 0.626 0.545 0.372
16 0.436 0.247 0.043 0.086
16 0.492 0.247 0.049 0.084
16 0.441 0.361 0.041 0.090
16 0.490 0.365 0.043 0.085
16 0.549 0.369 0.045 0.095
18 0.357 0.386 0.009 0.019
18 0.596 0.386 0.020 0.010
18 0.595 0.400 0.013 0.007
18 0.731 0.372 0.018 0.010
18 0.036 0.339 0.010 0.014
18 0.062 0.426 0.007 0.016
18 0.061 0.452 0.007 0.014
18 0.171 0.432 0.006 0.014
18 0.179 0.432 0.007 0.013
18 0.187 0.434 0.006 0.011
18 0.204 0.435 0.007 0.010
18 0.182 0.403 0.015 0.011
18 0.165 0.396 0.015 0.013
18 0.083 0.359 0.010 0.014
18 0.074 0.356 0.010 0.015
18 0.060 0.349 0.010 0.015
18 0.091 0.361 0.011 0.015
18 0.099 0.366 0.010 0.015
18 0.025 0.332 0.010 0.016
18 0.052 0.345 0.010 0.013
18 0.044 0.342 0.009 0.014