4 0.129 0.227 0.196 0.189
10 0.468 0.558 0.325 0.729
18 0.027 0.472 0.011 0.024
18 0.359 0.169 0.029 0.026
18 0.258 0.098 0.021 0.009
18 0.686 0.019 0.010 0.018
18 0.700 0.018 0.010 0.020
18 0.748 0.030 0.011 0.025
18 0.862 0.034 0.011 0.020
18 0.896 0.142 0.011 0.019
18 0.699 0.265 0.016 0.020
18 0.754 0.239 0.020 0.013
18 0.678 0.304 0.009 0.021
18 0.785 0.286 0.010 0.020
18 0.751 0.509 0.018 0.011
18 0.748 0.523 0.020 0.011
18 0.804 0.509 0.028 0.013
18 0.798 0.522 0.026 0.013
18 0.806 0.472 0.019 0.013
18 0.966 0.548 0.022 0.011
18 0.992 0.552 0.016 0.019
18 0.865 0.728 0.018 0.018
18 0.876 0.720 0.018 0.018
18 0.971 0.741 0.028 0.014
18 0.731 0.966 0.010 0.019
18 0.767 0.983 0.013 0.028
18 0.891 0.991 0.031 0.011