3 0.581 0.480 0.573 0.762
4 0.397 0.971 0.019 0.018
4 0.441 0.990 0.018 0.015
4 0.884 0.284 0.015 0.014
4 0.902 0.224 0.014 0.014
4 0.908 0.241 0.014 0.014
11 0.565 0.136 0.045 0.100
11 0.600 0.131 0.048 0.076
2 0.536 0.701 0.014 0.019
2 0.728 0.746 0.013 0.013
2 0.583 0.645 0.013 0.013
2 0.596 0.656 0.014 0.011
2 0.610 0.670 0.013 0.013
2 0.624 0.684 0.013 0.015
2 0.636 0.698 0.011 0.015
2 0.654 0.532 0.014 0.016
2 0.676 0.499 0.013 0.013
2 0.688 0.483 0.014 0.014
2 0.701 0.469 0.013 0.014
2 0.711 0.452 0.013 0.014
2 0.724 0.438 0.014 0.014
2 0.736 0.421 0.014 0.015
2 0.746 0.405 0.015 0.015
2 0.760 0.386 0.015 0.015