11 0.821 0.244 0.205 0.145
11 0.888 0.064 0.224 0.125
11 0.249 0.169 0.247 0.033
11 0.204 0.025 0.188 0.048
11 0.154 0.228 0.115 0.062
11 0.205 0.521 0.258 0.482
11 0.441 0.332 0.550 0.349
11 0.492 0.601 0.458 0.309
13 0.928 0.091 0.056 0.039
13 0.875 0.257 0.105 0.056
13 0.871 0.299 0.048 0.036
13 0.679 0.193 0.037 0.060
13 0.644 0.194 0.046 0.064
13 0.610 0.205 0.048 0.062
13 0.577 0.231 0.051 0.087
13 0.547 0.250 0.044 0.070
13 0.500 0.274 0.033 0.058
13 0.471 0.287 0.037 0.060
13 0.446 0.298 0.035 0.061
13 0.388 0.325 0.044 0.070
13 0.419 0.400 0.044 0.070
13 0.613 0.315 0.044 0.070
13 0.583 0.325 0.044 0.070
13 0.683 0.297 0.044 0.070
13 0.288 0.450 0.044 0.070
13 0.303 0.630 0.044 0.070
13 0.383 0.600 0.044 0.070
13 0.311 0.720 0.044 0.070
13 0.696 0.182 0.026 0.039
13 0.206 0.177 0.048 0.013
13 0.174 0.229 0.050 0.018
13 0.182 0.251 0.039 0.016
13 0.285 0.374 0.033 0.058
13 0.207 0.407 0.033 0.058
13 0.181 0.415 0.033 0.058
13 0.559 0.339 0.033 0.058
13 0.445 0.381 0.033 0.058
13 0.474 0.379 0.031 0.056
13 0.366 0.419 0.031 0.056
13 0.259 0.386 0.031 0.056
13 0.316 0.361 0.031 0.056
13 0.234 0.394 0.031 0.056
13 0.340 0.343 0.030 0.041
13 0.237 0.475 0.026 0.048
13 0.260 0.464 0.025 0.041
13 0.313 0.436 0.034 0.049
13 0.342 0.428 0.036 0.056
13 0.529 0.346 0.028 0.052
13 0.094 0.319 0.034 0.021
13 0.102 0.333 0.030 0.015
13 0.107 0.344 0.028 0.016
13 0.115 0.361 0.028 0.016
13 0.116 0.374 0.028 0.016
13 0.127 0.389 0.034 0.020
13 0.138 0.412 0.029 0.016
13 0.143 0.431 0.029 0.016
13 0.146 0.443 0.029 0.016
13 0.154 0.457 0.029 0.016
13 0.166 0.479 0.029 0.016
13 0.181 0.514 0.029 0.016
13 0.187 0.527 0.029 0.016
13 0.189 0.538 0.029 0.016
13 0.194 0.551 0.029 0.016
13 0.207 0.573 0.029 0.016
13 0.210 0.586 0.035 0.019
13 0.215 0.597 0.030 0.019
13 0.219 0.609 0.030 0.019
13 0.231 0.632 0.030 0.019
13 0.240 0.654 0.030 0.019
13 0.249 0.682 0.030 0.019
13 0.255 0.694 0.030 0.019
13 0.244 0.669 0.030 0.019
13 0.241 0.569 0.019 0.025
13 0.281 0.646 0.035 0.055
13 0.331 0.624 0.029 0.050
13 0.352 0.608 0.030 0.052
13 0.407 0.589 0.026 0.051
13 0.458 0.568 0.026 0.051
13 0.416 0.673 0.026 0.051
13 0.437 0.656 0.026 0.051
13 0.521 0.622 0.024 0.051
13 0.491 0.636 0.024 0.051
13 0.361 0.694 0.028 0.055
13 0.512 0.547 0.029 0.059
13 0.538 0.536 0.029 0.059
13 0.546 0.620 0.026 0.052
13 0.334 0.702 0.030 0.061
13 0.463 0.648 0.030 0.061
13 0.568 0.609 0.026 0.044
13 0.563 0.536 0.026 0.044
13 0.609 0.514 0.026 0.044
13 0.653 0.487 0.026 0.044
13 0.587 0.587 0.026 0.044
13 0.611 0.579 0.026 0.044
13 0.633 0.567 0.026 0.044
13 0.653 0.557 0.021 0.041
13 0.583 0.529 0.021 0.041
13 0.684 0.564 0.021 0.041
13 0.695 0.504 0.060 0.121
13 0.290 0.739 0.022 0.037
13 0.436 0.592 0.019 0.029