11 0.419 0.214 0.550 0.206
11 0.565 0.608 0.792 0.210
13 0.199 0.146 0.025 0.044
13 0.416 0.145 0.021 0.040
13 0.513 0.148 0.029 0.059
13 0.670 0.156 0.025 0.060
13 0.612 0.267 0.029 0.071
13 0.300 0.560 0.040 0.098
13 0.344 0.671 0.031 0.077
13 0.428 0.666 0.029 0.080
13 0.424 0.566 0.026 0.079
13 0.513 0.671 0.026 0.075
13 0.568 0.666 0.028 0.065
13 0.562 0.572 0.028 0.069
13 0.598 0.560 0.028 0.077
13 0.648 0.562 0.024 0.069
13 0.731 0.552 0.033 0.094
13 0.906 0.548 0.025 0.064
13 0.909 0.647 0.025 0.068
13 0.946 0.557 0.037 0.105
13 0.606 0.141 0.028 0.060