11 0.369 0.144 0.412 0.160
11 0.415 0.678 0.492 0.224
11 0.341 0.924 0.350 0.115
11 0.403 0.399 0.471 0.219
13 0.176 0.564 0.020 0.056
13 0.101 0.048 0.120 0.036
13 0.100 0.085 0.083 0.030
13 0.109 0.120 0.083 0.030
13 0.109 0.163 0.083 0.030
13 0.115 0.266 0.083 0.030
13 0.111 0.406 0.083 0.030
13 0.110 0.446 0.083 0.030
13 0.116 0.517 0.083 0.030
13 0.109 0.549 0.077 0.026
11 0.096 0.344 0.133 0.630
13 0.109 0.584 0.077 0.026
13 0.083 0.611 0.033 0.020
13 0.132 0.609 0.039 0.021
13 0.128 0.641 0.039 0.021
13 0.078 0.634 0.039 0.021
13 0.179 0.323 0.025 0.066
13 0.292 0.325 0.025 0.058
13 0.250 0.439 0.030 0.128
13 0.324 0.417 0.026 0.081
13 0.358 0.426 0.029 0.099
13 0.433 0.414 0.024 0.084
13 0.468 0.427 0.026 0.089
13 0.536 0.429 0.026 0.099
13 0.507 0.410 0.024 0.077
13 0.581 0.333 0.022 0.072
13 0.549 0.187 0.021 0.061
13 0.517 0.188 0.021 0.061
13 0.407 0.188 0.021 0.061
13 0.347 0.196 0.022 0.066
13 0.234 0.196 0.022 0.066
13 0.200 0.109 0.022 0.066
13 0.229 0.106 0.022 0.077
13 0.304 0.113 0.019 0.065
13 0.358 0.119 0.016 0.055
13 0.387 0.106 0.024 0.070
13 0.412 0.111 0.025 0.071
13 0.439 0.113 0.019 0.062
13 0.464 0.111 0.019 0.062
13 0.195 0.631 0.022 0.079
13 0.233 0.632 0.029 0.083
13 0.306 0.634 0.034 0.090
13 0.379 0.638 0.029 0.081
13 0.231 0.734 0.025 0.070
13 0.299 0.729 0.025 0.070
13 0.329 0.733 0.026 0.081
13 0.363 0.729 0.024 0.077
13 0.429 0.730 0.024 0.077
13 0.484 0.627 0.022 0.087
13 0.495 0.735 0.022 0.087
13 0.528 0.733 0.024 0.080
13 0.593 0.743 0.026 0.102
13 0.559 0.619 0.026 0.102
13 0.596 0.634 0.022 0.083
13 0.639 0.721 0.040 0.076
13 0.494 0.919 0.019 0.061
13 0.428 0.915 0.024 0.080
13 0.358 0.911 0.024 0.080
13 0.298 0.921 0.016 0.056
13 0.254 0.923 0.016 0.059
13 0.265 0.973 0.028 0.011
13 0.322 0.973 0.039 0.014
13 0.387 0.974 0.039 0.014
13 0.622 0.380 0.034 0.160