11 0.492 0.439 0.784 0.615
11 0.588 0.715 0.565 0.515
13 0.132 0.611 0.049 0.051
13 0.161 0.588 0.061 0.065
13 0.190 0.567 0.072 0.079
13 0.228 0.546 0.050 0.051
13 0.252 0.521 0.066 0.079
13 0.271 0.484 0.079 0.087
13 0.301 0.454 0.066 0.066
13 0.341 0.438 0.075 0.091
13 0.370 0.408 0.062 0.069
13 0.405 0.385 0.068 0.070
13 0.431 0.363 0.054 0.074
13 0.214 0.703 0.054 0.064
13 0.246 0.678 0.065 0.071
13 0.274 0.649 0.072 0.070
13 0.299 0.627 0.065 0.070
13 0.416 0.525 0.065 0.070
13 0.433 0.496 0.061 0.058
13 0.461 0.468 0.048 0.058
13 0.491 0.443 0.059 0.055
13 0.518 0.417 0.056 0.068
13 0.552 0.332 0.044 0.051
13 0.577 0.316 0.044 0.051
13 0.598 0.296 0.044 0.051
13 0.617 0.282 0.044 0.051
13 0.642 0.258 0.044 0.037
13 0.669 0.245 0.044 0.037
13 0.697 0.225 0.044 0.060
13 0.719 0.207 0.052 0.048
13 0.768 0.171 0.041 0.049
13 0.788 0.156 0.041 0.049
13 0.859 0.202 0.041 0.049
13 0.839 0.217 0.041 0.049
13 0.812 0.241 0.041 0.049
13 0.794 0.266 0.041 0.049
13 0.757 0.278 0.041 0.049
13 0.732 0.301 0.041 0.049
13 0.707 0.318 0.041 0.049
13 0.683 0.332 0.041 0.049
13 0.656 0.352 0.034 0.041
13 0.628 0.373 0.041 0.049
13 0.602 0.391 0.041 0.049
13 0.691 0.566 0.045 0.035
13 0.670 0.581 0.045 0.035
13 0.645 0.606 0.045 0.046
13 0.617 0.626 0.034 0.039
13 0.582 0.673 0.034 0.039
13 0.496 0.728 0.070 0.069
13 0.424 0.797 0.055 0.055
13 0.399 0.817 0.051 0.061
13 0.349 0.868 0.051 0.061
13 0.826 0.480 0.050 0.055