11 0.491 0.632 0.440 0.733
11 0.768 0.677 0.246 0.564
11 0.252 0.621 0.339 0.748
13 0.369 0.297 0.100 0.055
13 0.324 0.402 0.081 0.051
13 0.314 0.469 0.081 0.051
13 0.306 0.511 0.101 0.058
13 0.286 0.580 0.101 0.058
13 0.236 0.785 0.101 0.058
13 0.216 0.825 0.101 0.058
13 0.196 0.870 0.095 0.050
13 0.204 0.949 0.046 0.096
13 0.315 0.983 0.072 0.034
13 0.368 0.902 0.079 0.055
13 0.409 0.843 0.064 0.051
13 0.441 0.755 0.069 0.037
13 0.450 0.718 0.080 0.039
13 0.478 0.649 0.071 0.044
13 0.482 0.613 0.081 0.048
13 0.514 0.578 0.062 0.031
13 0.514 0.517 0.102 0.058
13 0.527 0.472 0.084 0.034
13 0.551 0.403 0.089 0.049
13 0.552 0.360 0.111 0.048
13 0.631 0.324 0.134 0.064
13 0.664 0.388 0.087 0.046
13 0.651 0.419 0.069 0.030
13 0.632 0.481 0.084 0.037
13 0.617 0.545 0.089 0.043
13 0.595 0.613 0.083 0.043
13 0.560 0.677 0.058 0.034
13 0.546 0.742 0.076 0.044
13 0.539 0.786 0.085 0.044
13 0.519 0.812 0.059 0.024