11 0.808 0.216 0.306 0.341
11 0.657 0.289 0.228 0.249
11 0.521 0.404 0.275 0.274
11 0.371 0.521 0.240 0.281
11 0.227 0.604 0.116 0.147
11 0.258 0.739 0.203 0.188
11 0.407 0.782 0.380 0.316
11 0.836 0.497 0.329 0.296
13 0.645 0.120 0.018 0.018
13 0.180 0.821 0.018 0.021
13 0.191 0.813 0.021 0.026
13 0.201 0.804 0.020 0.028
13 0.211 0.795 0.025 0.028
13 0.223 0.790 0.025 0.028
13 0.236 0.784 0.025 0.028
13 0.244 0.774 0.021 0.025
13 0.258 0.768 0.022 0.026
13 0.264 0.759 0.025 0.028
13 0.274 0.748 0.020 0.024
13 0.286 0.741 0.022 0.028
13 0.296 0.736 0.022 0.028
13 0.306 0.729 0.025 0.028
13 0.318 0.718 0.021 0.024
13 0.326 0.709 0.020 0.024
13 0.346 0.695 0.019 0.022
13 0.181 0.772 0.021 0.021
13 0.190 0.764 0.020 0.022
13 0.202 0.757 0.026 0.020
13 0.209 0.750 0.020 0.022
13 0.228 0.732 0.021 0.026
13 0.249 0.716 0.024 0.025
13 0.261 0.709 0.021 0.028
13 0.270 0.700 0.018 0.025
13 0.281 0.693 0.021 0.025
13 0.291 0.684 0.025 0.028
13 0.301 0.678 0.024 0.026
13 0.321 0.661 0.020 0.025
13 0.190 0.665 0.025 0.028
13 0.203 0.652 0.025 0.028
13 0.215 0.641 0.025 0.028
13 0.231 0.629 0.025 0.028
13 0.239 0.621 0.025 0.028
13 0.271 0.609 0.031 0.033
13 0.259 0.599 0.031 0.033
13 0.247 0.590 0.031 0.033
13 0.239 0.579 0.031 0.033
13 0.233 0.570 0.031 0.033
13 0.228 0.555 0.031 0.033
13 0.217 0.544 0.031 0.033
13 0.238 0.899 0.019 0.024
13 0.257 0.887 0.024 0.028
13 0.271 0.881 0.026 0.030
13 0.282 0.870 0.026 0.030
13 0.294 0.863 0.026 0.030
13 0.309 0.851 0.026 0.030
13 0.324 0.843 0.026 0.030
13 0.337 0.838 0.026 0.030
13 0.349 0.823 0.026 0.030
13 0.368 0.817 0.024 0.034
13 0.382 0.806 0.026 0.030
13 0.396 0.800 0.026 0.030
13 0.411 0.785 0.026 0.040
13 0.429 0.779 0.022 0.031
13 0.439 0.761 0.024 0.034
13 0.458 0.757 0.028 0.037
13 0.467 0.734 0.029 0.035
13 0.484 0.713 0.033 0.039
13 0.504 0.698 0.024 0.035
13 0.539 0.650 0.054 0.048
13 0.304 0.393 0.037 0.028
13 0.311 0.407 0.034 0.028
13 0.328 0.427 0.041 0.034
13 0.341 0.444 0.041 0.034
13 0.359 0.461 0.036 0.029
13 0.372 0.477 0.031 0.028
13 0.381 0.502 0.037 0.024
13 0.398 0.514 0.031 0.029
13 0.414 0.531 0.037 0.031
13 0.429 0.547 0.041 0.034
13 0.444 0.568 0.030 0.029
13 0.455 0.586 0.033 0.029
13 0.471 0.601 0.041 0.034
13 0.427 0.639 0.034 0.026
13 0.408 0.621 0.029 0.026
13 0.396 0.605 0.035 0.028
13 0.382 0.585 0.034 0.028
13 0.366 0.571 0.036 0.028
13 0.351 0.554 0.035 0.030
13 0.341 0.537 0.036 0.029
13 0.323 0.515 0.031 0.025
13 0.311 0.501 0.040 0.029
13 0.295 0.481 0.037 0.030
13 0.282 0.464 0.041 0.034
13 0.416 0.332 0.041 0.034
13 0.427 0.353 0.041 0.034
13 0.444 0.369 0.036 0.033
13 0.456 0.389 0.037 0.026
13 0.468 0.405 0.036 0.033
13 0.483 0.425 0.044 0.030
13 0.501 0.438 0.034 0.029
13 0.617 0.474 0.041 0.035
13 0.598 0.461 0.036 0.033
13 0.574 0.444 0.036 0.033
13 0.566 0.419 0.044 0.040
13 0.552 0.401 0.045 0.040
13 0.520 0.366 0.043 0.033
13 0.508 0.345 0.036 0.033
13 0.493 0.325 0.036 0.033
13 0.473 0.318 0.036 0.033
13 0.449 0.298 0.029 0.024
13 0.438 0.286 0.029 0.024
13 0.537 0.503 0.050 0.056
13 0.564 0.496 0.061 0.068
13 0.567 0.236 0.046 0.052
13 0.614 0.302 0.046 0.052
13 0.604 0.213 0.046 0.046
13 0.637 0.252 0.046 0.046
13 0.657 0.266 0.046 0.046
13 0.693 0.331 0.040 0.030
13 0.703 0.347 0.040 0.030
13 0.741 0.386 0.064 0.046
13 0.708 0.141 0.049 0.031
13 0.722 0.154 0.049 0.031
13 0.742 0.181 0.049 0.031
13 0.752 0.199 0.049 0.031
13 0.766 0.212 0.040 0.026
13 0.776 0.232 0.040 0.026
13 0.779 0.246 0.040 0.026
13 0.800 0.261 0.040 0.026
13 0.823 0.289 0.033 0.022
13 0.831 0.301 0.033 0.022
13 0.849 0.312 0.030 0.016
13 0.851 0.338 0.048 0.034
13 0.877 0.364 0.048 0.034
13 0.691 0.570 0.036 0.033
13 0.718 0.598 0.030 0.024
13 0.702 0.583 0.036 0.025
13 0.738 0.629 0.036 0.031
13 0.726 0.609 0.033 0.033
13 0.729 0.556 0.033 0.046
13 0.752 0.542 0.034 0.035
13 0.763 0.529 0.034 0.035
13 0.777 0.515 0.034 0.035
13 0.793 0.501 0.034 0.035
13 0.811 0.491 0.034 0.035
13 0.823 0.481 0.034 0.035
13 0.845 0.471 0.028 0.029
13 0.856 0.453 0.028 0.029
13 0.879 0.444 0.028 0.029
13 0.896 0.441 0.028 0.029
13 0.915 0.436 0.028 0.029
13 0.927 0.422 0.028 0.029
13 0.951 0.407 0.028 0.029
13 0.966 0.393 0.028 0.029
13 0.970 0.383 0.028 0.029
13 0.986 0.371 0.028 0.029
13 0.760 0.598 0.018 0.022
13 0.776 0.583 0.025 0.036
13 0.785 0.578 0.025 0.036
13 0.804 0.562 0.025 0.036
13 0.812 0.556 0.025 0.036
13 0.824 0.542 0.025 0.036
13 0.839 0.539 0.025 0.036
13 0.851 0.524 0.025 0.036
13 0.863 0.514 0.025 0.036
13 0.874 0.503 0.025 0.036
13 0.885 0.496 0.025 0.036
13 0.901 0.489 0.025 0.036
13 0.920 0.479 0.025 0.036
13 0.930 0.471 0.025 0.036
13 0.945 0.461 0.025 0.036
13 0.954 0.453 0.025 0.036
13 0.970 0.443 0.025 0.036
13 0.985 0.427 0.025 0.036
13 0.219 0.741 0.022 0.024
13 0.239 0.727 0.020 0.024
13 0.309 0.667 0.021 0.024