13 0.907 0.117 0.024 0.059
11 0.511 0.347 0.657 0.172
11 0.489 0.644 0.639 0.184
11 0.195 0.481 0.195 0.052
18 0.110 0.384 0.018 0.033
18 0.026 0.394 0.016 0.034
13 0.276 0.588 0.018 0.048
13 0.319 0.593 0.021 0.043
13 0.371 0.586 0.019 0.046
13 0.399 0.587 0.021 0.051
13 0.474 0.589 0.022 0.054
13 0.754 0.597 0.022 0.054
13 0.670 0.595 0.030 0.072
13 0.637 0.589 0.024 0.069
13 0.609 0.596 0.022 0.054
13 0.527 0.589 0.022 0.054
13 0.503 0.586 0.024 0.059
13 0.751 0.690 0.026 0.060
13 0.795 0.692 0.035 0.096
13 0.791 0.611 0.030 0.069
13 0.702 0.692 0.036 0.086
13 0.634 0.684 0.022 0.061
13 0.466 0.664 0.022 0.061
13 0.447 0.660 0.021 0.052
13 0.418 0.672 0.021 0.051
13 0.395 0.661 0.022 0.051
13 0.370 0.663 0.022 0.061
13 0.346 0.667 0.022 0.061
13 0.302 0.657 0.019 0.050
13 0.520 0.669 0.022 0.061
13 0.498 0.670 0.024 0.052
13 0.603 0.673 0.022 0.061
13 0.552 0.670 0.021 0.065
13 0.273 0.484 0.036 0.018
13 0.350 0.375 0.018 0.037
13 0.396 0.385 0.022 0.048
13 0.443 0.390 0.024 0.045
13 0.473 0.388 0.021 0.052
13 0.497 0.385 0.021 0.055
13 0.528 0.383 0.024 0.054
13 0.422 0.317 0.020 0.039
13 0.444 0.312 0.021 0.052
13 0.471 0.307 0.024 0.046
13 0.523 0.307 0.021 0.051
13 0.574 0.303 0.021 0.041
13 0.579 0.382 0.026 0.059
13 0.736 0.379 0.025 0.064
13 0.682 0.381 0.026 0.059
13 0.657 0.379 0.026 0.059
13 0.631 0.383 0.026 0.059
13 0.603 0.379 0.019 0.059
13 0.767 0.297 0.024 0.065
13 0.681 0.304 0.022 0.055
13 0.651 0.303 0.026 0.059
13 0.629 0.302 0.026 0.059
13 0.598 0.304 0.024 0.060
13 0.807 0.389 0.031 0.092
13 0.809 0.300 0.026 0.062
13 0.423 0.586 0.019 0.045
13 0.304 0.593 0.015 0.036
13 0.707 0.376 0.021 0.060
13 0.496 0.307 0.020 0.048