11 0.423 0.348 0.524 0.606
11 0.786 0.172 0.177 0.335
13 0.843 0.580 0.050 0.030
18 0.556 0.054 0.016 0.041
18 0.576 0.049 0.015 0.045
18 0.646 0.049 0.040 0.050
13 0.358 0.071 0.124 0.052
13 0.299 0.176 0.136 0.045
13 0.304 0.270 0.125 0.043
13 0.305 0.314 0.135 0.048
13 0.304 0.362 0.135 0.048
13 0.310 0.404 0.117 0.034
13 0.304 0.452 0.121 0.039
13 0.301 0.496 0.122 0.046
13 0.796 0.059 0.133 0.046
13 0.796 0.299 0.141 0.049
13 0.637 0.495 0.048 0.102
13 0.411 0.530 0.037 0.100
13 0.603 0.516 0.037 0.089
13 0.565 0.524 0.037 0.100
13 0.492 0.522 0.037 0.095
13 0.453 0.519 0.028 0.085
13 0.440 0.411 0.028 0.085
13 0.474 0.409 0.028 0.085
13 0.502 0.411 0.028 0.085
13 0.542 0.405 0.028 0.085
13 0.574 0.414 0.024 0.070
13 0.613 0.405 0.024 0.070
13 0.414 0.189 0.036 0.099
13 0.463 0.159 0.035 0.092
13 0.502 0.149 0.036 0.086
13 0.544 0.149 0.036 0.086
13 0.584 0.152 0.036 0.086
13 0.621 0.161 0.037 0.114
13 0.664 0.169 0.037 0.114