15 0.124 0.114 0.090 0.087
15 0.106 0.502 0.110 0.109
15 0.124 0.372 0.072 0.071
15 0.123 0.225 0.064 0.060
15 0.061 0.264 0.044 0.045
15 0.068 0.036 0.013 0.015
15 0.124 0.037 0.013 0.014
15 0.417 0.285 0.033 0.033
15 0.361 0.347 0.056 0.056
15 0.469 0.351 0.056 0.056
15 0.577 0.351 0.056 0.056
15 0.540 0.273 0.015 0.015
15 0.551 0.273 0.015 0.013
18 0.384 0.189 0.006 0.010
18 0.451 0.054 0.005 0.015
18 0.423 0.087 0.014 0.006
18 0.441 0.099 0.016 0.006
18 0.458 0.057 0.007 0.011
15 0.416 0.538 0.110 0.109
15 0.574 0.540 0.109 0.110
15 0.374 0.704 0.058 0.055