11 0.356 0.152 0.139 0.246
18 0.683 0.333 0.029 0.009
18 0.682 0.357 0.034 0.010
18 0.759 0.443 0.069 0.066
18 0.869 0.291 0.024 0.020
18 0.889 0.295 0.024 0.025
11 0.613 0.431 0.195 0.318
11 0.235 0.398 0.115 0.022
11 0.251 0.522 0.141 0.071
11 0.746 0.644 0.175 0.184
11 0.344 0.676 0.212 0.113
11 0.336 0.818 0.119 0.052
18 0.783 0.329 0.014 0.014
11 0.383 0.924 0.149 0.119
18 0.679 0.391 0.034 0.015
13 0.379 0.146 0.045 0.085
13 0.346 0.183 0.030 0.056
13 0.371 0.242 0.034 0.056
13 0.406 0.223 0.041 0.069
13 0.578 0.287 0.055 0.030
13 0.557 0.311 0.066 0.037
13 0.543 0.361 0.059 0.028
13 0.554 0.383 0.052 0.022
13 0.556 0.411 0.049 0.033
13 0.581 0.441 0.050 0.056
13 0.605 0.461 0.052 0.059
13 0.714 0.540 0.046 0.048
13 0.611 0.512 0.089 0.090
13 0.651 0.546 0.069 0.076
13 0.217 0.499 0.062 0.029
13 0.283 0.516 0.066 0.024
13 0.286 0.547 0.074 0.021
13 0.388 0.642 0.111 0.041
13 0.280 0.647 0.075 0.030
13 0.281 0.675 0.075 0.030
13 0.366 0.669 0.089 0.033
13 0.401 0.715 0.104 0.033
13 0.792 0.616 0.074 0.070
13 0.714 0.686 0.106 0.089
13 0.347 0.800 0.049 0.020
13 0.373 0.831 0.046 0.028
13 0.406 0.876 0.081 0.026
13 0.388 0.916 0.061 0.024
13 0.414 0.949 0.079 0.030
13 0.355 0.959 0.028 0.048
13 0.321 0.849 0.022 0.050