11 0.754 0.901 0.471 0.158
11 0.889 0.737 0.105 0.051
11 0.897 0.313 0.086 0.044
11 0.652 0.466 0.209 0.455
11 0.900 0.376 0.085 0.037
11 0.906 0.472 0.085 0.036
13 0.714 0.379 0.085 0.028
13 0.712 0.413 0.076 0.034
13 0.711 0.449 0.076 0.028
13 0.603 0.406 0.096 0.030
13 0.598 0.527 0.105 0.039
13 0.608 0.573 0.085 0.031
13 0.596 0.619 0.099 0.036
13 0.599 0.666 0.092 0.037
13 0.704 0.594 0.072 0.024
13 0.704 0.633 0.077 0.034
13 0.703 0.669 0.086 0.031
13 0.659 0.907 0.044 0.101
13 0.820 0.909 0.037 0.099
13 0.867 0.904 0.044 0.114
13 0.967 0.919 0.044 0.119
13 0.880 0.728 0.087 0.030
13 0.901 0.471 0.064 0.028
13 0.896 0.369 0.070 0.022
13 0.894 0.309 0.072 0.028