0 0.441 0.299 0.866 0.331
0 0.496 0.771 0.879 0.386
18 0.377 0.318 0.041 0.014
18 0.384 0.388 0.069 0.015
18 0.450 0.377 0.055 0.016
18 0.524 0.378 0.066 0.010
18 0.542 0.350 0.058 0.013
18 0.695 0.356 0.068 0.015
18 0.529 0.409 0.058 0.014
18 0.595 0.392 0.052 0.014
18 0.959 0.465 0.018 0.010
18 0.190 0.486 0.055 0.013
18 0.344 0.612 0.020 0.011
18 0.468 0.618 0.059 0.011
18 0.312 0.667 0.019 0.009
18 0.418 0.656 0.031 0.013
18 0.504 0.661 0.031 0.014
18 0.395 0.688 0.037 0.018
18 0.302 0.714 0.051 0.013