11 0.256 0.241 0.204 0.105
11 0.336 0.457 0.266 0.159
11 0.838 0.513 0.255 0.191
11 0.743 0.201 0.247 0.398
11 0.327 0.759 0.174 0.139
11 0.229 0.937 0.135 0.126
11 0.293 0.632 0.141 0.102
18 0.824 0.188 0.041 0.016
13 0.281 0.796 0.026 0.062
13 0.355 0.801 0.095 0.046
13 0.338 0.750 0.075 0.028
13 0.361 0.711 0.101 0.039
13 0.333 0.645 0.059 0.033
13 0.267 0.649 0.024 0.060
13 0.317 0.603 0.059 0.033
13 0.398 0.510 0.126 0.058
13 0.367 0.451 0.102 0.049
13 0.402 0.421 0.131 0.068
13 0.275 0.401 0.090 0.045
13 0.268 0.438 0.090 0.045
13 0.231 0.204 0.089 0.031
13 0.308 0.234 0.089 0.031
13 0.297 0.273 0.075 0.028
13 0.726 0.035 0.069 0.037
13 0.693 0.060 0.074 0.052
13 0.666 0.119 0.081 0.031
13 0.670 0.151 0.077 0.020
13 0.664 0.181 0.066 0.030
13 0.688 0.225 0.070 0.065
13 0.710 0.254 0.070 0.065
13 0.700 0.314 0.110 0.099
13 0.752 0.367 0.096 0.070
13 0.824 0.380 0.059 0.045
13 0.902 0.493 0.107 0.071
13 0.787 0.557 0.149 0.092