13 0.863 0.569 0.031 0.016
13 0.759 0.490 0.075 0.025
13 0.761 0.372 0.029 0.019
13 0.843 0.424 0.062 0.020
13 0.535 0.560 0.035 0.015
11 0.464 0.499 0.060 0.022
13 0.172 0.536 0.075 0.022
13 0.171 0.598 0.075 0.025
13 0.174 0.631 0.075 0.019
13 0.176 0.691 0.066 0.018
13 0.259 0.651 0.070 0.018
13 0.261 0.714 0.070 0.019
13 0.168 0.474 0.069 0.020
13 0.467 0.709 0.059 0.019
13 0.472 0.682 0.069 0.024
13 0.800 0.765 0.087 0.028
13 0.263 0.780 0.064 0.020
13 0.260 0.749 0.062 0.021
13 0.175 0.659 0.070 0.019
13 0.169 0.447 0.070 0.021
13 0.759 0.516 0.072 0.020
13 0.846 0.486 0.069 0.024
13 0.759 0.449 0.045 0.016
13 0.841 0.389 0.071 0.021
13 0.464 0.439 0.036 0.019
13 0.449 0.379 0.036 0.019
13 0.547 0.454 0.041 0.019
13 0.542 0.434 0.045 0.019
13 0.548 0.499 0.049 0.018
13 0.766 0.639 0.066 0.022
13 0.848 0.635 0.070 0.025
13 0.746 0.573 0.033 0.013
13 0.477 0.584 0.046 0.015
13 0.473 0.559 0.049 0.021
13 0.557 0.706 0.069 0.025
13 0.567 0.682 0.034 0.016
13 0.845 0.670 0.070 0.020
13 0.855 0.695 0.055 0.018
13 0.766 0.698 0.058 0.018
13 0.568 0.579 0.036 0.010
13 0.464 0.403 0.060 0.019
13 0.539 0.399 0.049 0.019
13 0.535 0.374 0.045 0.014
13 0.826 0.552 0.025 0.013
13 0.861 0.551 0.036 0.015
13 0.553 0.641 0.049 0.015
13 0.565 0.620 0.033 0.015
13 0.830 0.611 0.035 0.015
13 0.865 0.609 0.028 0.014
13 0.763 0.735 0.056 0.018
13 0.845 0.731 0.068 0.024
13 0.822 0.507 0.026 0.014
13 0.859 0.507 0.031 0.014
13 0.741 0.616 0.026 0.011
13 0.778 0.613 0.034 0.013
13 0.748 0.677 0.039 0.013
13 0.781 0.676 0.030 0.013
11 0.214 0.542 0.180 0.502
11 0.510 0.523 0.168 0.479
11 0.798 0.528 0.174 0.511