11 0.227 0.311 0.384 0.116
11 0.216 0.835 0.429 0.268
18 0.022 0.019 0.018 0.034
11 0.255 0.489 0.443 0.175
13 0.074 0.188 0.041 0.013
13 0.076 0.149 0.041 0.013
13 0.074 0.159 0.041 0.013
13 0.073 0.175 0.041 0.013
13 0.074 0.204 0.041 0.013
13 0.119 0.292 0.121 0.045
13 0.244 0.274 0.074 0.035
13 0.220 0.331 0.092 0.035
13 0.363 0.326 0.111 0.037
13 0.085 0.354 0.065 0.028
13 0.071 0.388 0.046 0.022
13 0.067 0.413 0.061 0.026
13 0.204 0.432 0.139 0.044
13 0.401 0.466 0.122 0.037
13 0.411 0.511 0.128 0.039
13 0.262 0.511 0.024 0.068
13 0.216 0.512 0.030 0.085
13 0.174 0.526 0.040 0.105
13 0.126 0.522 0.031 0.074
13 0.087 0.519 0.025 0.074
13 0.051 0.516 0.021 0.058
13 0.404 0.755 0.040 0.105
13 0.409 0.904 0.040 0.121
13 0.343 0.904 0.039 0.113
13 0.302 0.907 0.035 0.122
13 0.255 0.903 0.040 0.129
13 0.207 0.896 0.037 0.105
13 0.163 0.896 0.035 0.113
13 0.119 0.901 0.036 0.101
13 0.072 0.887 0.036 0.094
13 0.022 0.892 0.040 0.110
13 0.077 0.758 0.037 0.086
13 0.031 0.771 0.022 0.049
13 0.124 0.754 0.035 0.110
13 0.166 0.756 0.034 0.091
13 0.212 0.766 0.034 0.091
13 0.254 0.757 0.037 0.113
13 0.301 0.767 0.026 0.094
13 0.342 0.762 0.026 0.094