11 0.428 0.955 0.044 0.062
11 0.352 0.974 0.065 0.051
11 0.672 0.534 0.297 0.525
11 0.429 0.491 0.365 0.600
11 0.243 0.393 0.286 0.375
11 0.140 0.184 0.240 0.312
11 0.497 0.891 0.070 0.059
13 0.070 0.229 0.052 0.041
13 0.061 0.320 0.044 0.043
13 0.086 0.205 0.046 0.043
13 0.123 0.166 0.046 0.045
13 0.143 0.138 0.059 0.048
13 0.160 0.116 0.062 0.051
13 0.205 0.068 0.068 0.046
13 0.232 0.055 0.059 0.050
13 0.204 0.191 0.041 0.041
13 0.131 0.284 0.055 0.045
13 0.130 0.512 0.055 0.041
13 0.147 0.486 0.058 0.044
13 0.234 0.498 0.046 0.039
13 0.220 0.517 0.048 0.043
13 0.203 0.536 0.043 0.034
13 0.188 0.557 0.049 0.046
13 0.284 0.321 0.039 0.030
13 0.200 0.427 0.040 0.036
13 0.164 0.465 0.049 0.035
13 0.335 0.254 0.040 0.037
13 0.365 0.218 0.043 0.034
13 0.283 0.737 0.069 0.049
13 0.352 0.774 0.060 0.037
13 0.290 0.699 0.068 0.044
13 0.362 0.737 0.068 0.039
13 0.309 0.677 0.058 0.039
13 0.383 0.715 0.058 0.037
13 0.326 0.651 0.055 0.031
13 0.334 0.630 0.061 0.040
13 0.349 0.607 0.054 0.039
13 0.364 0.590 0.049 0.028
13 0.376 0.569 0.040 0.031
13 0.385 0.547 0.045 0.031
13 0.399 0.527 0.046 0.029
13 0.408 0.506 0.049 0.029
13 0.431 0.465 0.048 0.025
13 0.445 0.444 0.040 0.029
13 0.454 0.423 0.054 0.031
13 0.466 0.404 0.051 0.031
13 0.477 0.381 0.039 0.031
13 0.491 0.367 0.051 0.034
13 0.498 0.344 0.054 0.024
13 0.511 0.324 0.046 0.028
13 0.518 0.272 0.049 0.019
13 0.552 0.292 0.043 0.026
13 0.592 0.317 0.049 0.031
13 0.580 0.340 0.048 0.028
13 0.566 0.361 0.055 0.036
13 0.558 0.386 0.056 0.035
13 0.546 0.407 0.054 0.030
13 0.531 0.430 0.050 0.035
13 0.521 0.451 0.054 0.033
13 0.504 0.475 0.052 0.033
13 0.494 0.494 0.054 0.039
13 0.443 0.589 0.056 0.035
13 0.457 0.566 0.056 0.035
13 0.470 0.541 0.058 0.033
13 0.482 0.519 0.054 0.039
13 0.416 0.636 0.054 0.039
13 0.429 0.610 0.055 0.035
13 0.406 0.662 0.060 0.039
13 0.756 0.324 0.048 0.028
13 0.744 0.344 0.049 0.026
13 0.735 0.369 0.048 0.028
13 0.726 0.396 0.043 0.026
13 0.711 0.422 0.052 0.031
13 0.699 0.446 0.050 0.033
13 0.689 0.467 0.046 0.029
13 0.679 0.493 0.048 0.031
13 0.671 0.519 0.055 0.031
13 0.651 0.546 0.055 0.031
13 0.645 0.569 0.050 0.029
13 0.618 0.623 0.054 0.030
13 0.605 0.644 0.055 0.031
13 0.581 0.697 0.052 0.034
13 0.563 0.721 0.054 0.031
13 0.550 0.784 0.055 0.024
13 0.608 0.762 0.041 0.052
13 0.641 0.694 0.030 0.048
13 0.661 0.641 0.036 0.041
13 0.705 0.561 0.033 0.039
13 0.723 0.515 0.022 0.040
13 0.748 0.469 0.029 0.048
13 0.763 0.425 0.026 0.037
13 0.352 0.967 0.059 0.039
13 0.435 0.948 0.033 0.049
13 0.494 0.879 0.059 0.037
13 0.212 0.409 0.048 0.037
13 0.256 0.356 0.040 0.031
13 0.272 0.338 0.039 0.031
13 0.232 0.154 0.036 0.034
13 0.246 0.138 0.034 0.035