11 0.616 0.163 0.492 0.054
11 0.171 0.409 0.179 0.451
11 0.460 0.479 0.172 0.306
11 0.772 0.426 0.203 0.395
18 0.349 0.892 0.035 0.019
18 0.351 0.932 0.037 0.016
18 0.349 0.985 0.037 0.015
18 0.956 0.946 0.020 0.043
18 0.460 0.974 0.028 0.040
18 0.242 0.918 0.037 0.014
18 0.881 0.892 0.033 0.036
18 0.880 0.963 0.037 0.034
13 0.223 0.526 0.052 0.019
13 0.218 0.445 0.071 0.020
13 0.215 0.287 0.080 0.031
13 0.477 0.174 0.091 0.031
13 0.705 0.589 0.060 0.019
13 0.704 0.544 0.050 0.015
13 0.854 0.574 0.015 0.044
13 0.222 0.247 0.079 0.028