15 0.258 0.382 0.096 0.089
15 0.185 0.470 0.098 0.090
15 0.325 0.573 0.077 0.071
15 0.403 0.637 0.077 0.071
15 0.388 0.497 0.077 0.071
15 0.464 0.560 0.080 0.070
15 0.636 0.191 0.077 0.071
15 0.574 0.266 0.079 0.070
15 0.512 0.344 0.077 0.069
15 0.450 0.422 0.077 0.071
15 0.525 0.482 0.077 0.069
15 0.588 0.406 0.077 0.069
15 0.650 0.331 0.077 0.069
15 0.713 0.254 0.077 0.071
15 0.791 0.105 0.061 0.050
15 0.851 0.151 0.058 0.051
15 0.901 0.094 0.058 0.051
15 0.845 0.052 0.043 0.037
15 0.938 0.037 0.043 0.037
15 0.785 0.014 0.043 0.026
15 0.312 0.892 0.113 0.106
15 0.411 0.787 0.102 0.096
15 0.488 0.698 0.091 0.086
15 0.561 0.609 0.095 0.087
15 0.964 0.794 0.024 0.019
15 0.976 0.776 0.020 0.015
18 0.062 0.355 0.013 0.025