11 0.747 0.784 0.351 0.145
11 0.762 0.594 0.241 0.096
11 0.710 0.461 0.292 0.096
11 0.687 0.276 0.254 0.160
11 0.672 0.090 0.323 0.142
11 0.236 0.306 0.287 0.425
11 0.253 0.741 0.446 0.328
13 0.448 0.698 0.039 0.079
13 0.421 0.709 0.019 0.040
13 0.399 0.680 0.025 0.060
13 0.340 0.667 0.035 0.061
13 0.371 0.671 0.030 0.065
13 0.314 0.659 0.035 0.064
13 0.277 0.649 0.034 0.076
13 0.219 0.654 0.031 0.058
13 0.572 0.269 0.026 0.045
13 0.593 0.263 0.021 0.051
13 0.622 0.258 0.021 0.049
13 0.646 0.248 0.021 0.046
13 0.676 0.247 0.020 0.045
13 0.701 0.249 0.020 0.035
13 0.728 0.235 0.019 0.043
13 0.754 0.228 0.024 0.051
13 0.798 0.289 0.024 0.041
13 0.769 0.287 0.024 0.037
13 0.744 0.295 0.021 0.048
13 0.686 0.303 0.025 0.041
13 0.637 0.326 0.020 0.044
13 0.611 0.326 0.022 0.052
13 0.589 0.336 0.022 0.043
13 0.574 0.467 0.035 0.041
13 0.626 0.773 0.035 0.069
13 0.657 0.774 0.030 0.064
13 0.688 0.766 0.025 0.076
13 0.739 0.769 0.021 0.051
13 0.767 0.767 0.020 0.050
13 0.794 0.758 0.024 0.059
13 0.821 0.756 0.021 0.062
13 0.849 0.765 0.019 0.040
13 0.769 0.040 0.025 0.040
13 0.781 0.220 0.019 0.040
13 0.534 0.104 0.048 0.085