11 0.164 0.596 0.195 0.391
11 0.522 0.647 0.201 0.359
13 0.141 0.469 0.040 0.018
13 0.214 0.468 0.052 0.021
13 0.208 0.524 0.039 0.019
13 0.211 0.556 0.052 0.021
13 0.204 0.588 0.045 0.020
13 0.133 0.653 0.046 0.021
13 0.203 0.649 0.059 0.021
13 0.136 0.716 0.036 0.019
13 0.200 0.711 0.043 0.021
13 0.131 0.741 0.048 0.020
13 0.222 0.784 0.061 0.022
13 0.581 0.480 0.043 0.018
13 0.504 0.496 0.043 0.024
13 0.501 0.528 0.040 0.024
13 0.492 0.557 0.050 0.025
13 0.489 0.590 0.037 0.022
13 0.564 0.600 0.049 0.025
13 0.555 0.667 0.045 0.022
13 0.561 0.701 0.056 0.031
13 0.468 0.714 0.050 0.022
13 0.466 0.746 0.059 0.024
13 0.558 0.765 0.059 0.025