11 0.481 0.929 0.646 0.102
11 0.657 0.611 0.585 0.216
13 0.348 0.561 0.026 0.081
13 0.828 0.893 0.037 0.096
13 0.061 0.851 0.098 0.033
13 0.077 0.756 0.107 0.036
11 0.089 0.534 0.170 0.281
13 0.733 0.407 0.087 0.030
11 0.583 0.300 0.391 0.115
13 0.954 0.271 0.077 0.025
11 0.115 0.342 0.228 0.079
13 0.494 0.279 0.110 0.035
13 0.456 0.339 0.133 0.036
13 0.682 0.268 0.186 0.044
13 0.673 0.330 0.109 0.028
13 0.069 0.565 0.120 0.035
13 0.074 0.516 0.114 0.034
13 0.086 0.417 0.126 0.034
13 0.146 0.356 0.160 0.050
13 0.082 0.609 0.114 0.035
13 0.069 0.658 0.100 0.026
13 0.069 0.804 0.083 0.030
13 0.107 0.471 0.133 0.033
13 0.136 0.924 0.036 0.094
13 0.169 0.943 0.018 0.059
13 0.201 0.936 0.025 0.062
13 0.233 0.933 0.025 0.066
13 0.268 0.934 0.024 0.064
13 0.298 0.937 0.026 0.069
13 0.336 0.931 0.029 0.076
13 0.367 0.935 0.018 0.058
13 0.401 0.932 0.024 0.069
13 0.430 0.928 0.028 0.071
13 0.466 0.927 0.021 0.061
13 0.498 0.929 0.024 0.072
13 0.533 0.919 0.026 0.083
13 0.561 0.914 0.029 0.079
13 0.598 0.922 0.033 0.087
13 0.629 0.922 0.030 0.075
13 0.661 0.924 0.029 0.075
13 0.694 0.920 0.031 0.083
13 0.732 0.919 0.029 0.072
13 0.759 0.919 0.028 0.072
13 0.794 0.926 0.021 0.049
13 0.897 0.833 0.086 0.033
13 0.903 0.807 0.081 0.029
13 0.868 0.751 0.018 0.039
13 0.883 0.750 0.021 0.065
13 0.903 0.741 0.021 0.065
13 0.930 0.741 0.033 0.065
13 0.934 0.658 0.028 0.076
13 0.898 0.656 0.029 0.081
13 0.863 0.654 0.030 0.086
13 0.824 0.647 0.022 0.069
13 0.794 0.657 0.025 0.074
13 0.755 0.659 0.030 0.085
13 0.718 0.656 0.030 0.074
13 0.684 0.653 0.020 0.059
13 0.649 0.660 0.030 0.075
13 0.612 0.657 0.031 0.074
13 0.578 0.661 0.029 0.079
13 0.510 0.662 0.025 0.069
13 0.469 0.674 0.031 0.098
13 0.436 0.666 0.026 0.083
13 0.399 0.667 0.031 0.077
13 0.397 0.557 0.031 0.074
13 0.434 0.561 0.028 0.072
13 0.467 0.556 0.031 0.085
13 0.503 0.556 0.034 0.089
13 0.539 0.558 0.030 0.081
13 0.576 0.553 0.030 0.089
13 0.648 0.555 0.029 0.077
13 0.681 0.557 0.025 0.066
13 0.752 0.549 0.026 0.074
13 0.790 0.549 0.030 0.079
13 0.820 0.550 0.025 0.075
13 0.864 0.554 0.024 0.065
13 0.896 0.544 0.030 0.091
13 0.935 0.543 0.030 0.079