11 0.149 0.730 0.291 0.335
11 0.403 0.222 0.364 0.104
11 0.500 0.514 0.470 0.655
11 0.890 0.383 0.193 0.417
11 0.074 0.529 0.106 0.065
11 0.045 0.451 0.072 0.045
13 0.045 0.325 0.040 0.107
13 0.047 0.183 0.036 0.099
13 0.202 0.087 0.044 0.121
13 0.865 0.209 0.120 0.039
13 0.246 0.227 0.028 0.084
13 0.284 0.228 0.024 0.070
13 0.316 0.226 0.025 0.071
13 0.431 0.222 0.030 0.056
13 0.468 0.234 0.026 0.072
13 0.501 0.219 0.025 0.066
13 0.533 0.221 0.024 0.054
13 0.288 0.457 0.046 0.106
13 0.332 0.419 0.049 0.104
13 0.409 0.404 0.036 0.094
13 0.552 0.373 0.028 0.066
13 0.354 0.539 0.036 0.094
13 0.432 0.524 0.049 0.101
13 0.469 0.504 0.035 0.070
13 0.496 0.496 0.035 0.070
13 0.640 0.204 0.072 0.031
13 0.640 0.235 0.077 0.033
13 0.639 0.269 0.076 0.029
13 0.636 0.306 0.076 0.029
13 0.642 0.372 0.089 0.033
13 0.641 0.426 0.092 0.030
13 0.645 0.461 0.075 0.028
13 0.661 0.534 0.074 0.022
13 0.677 0.603 0.077 0.039
13 0.691 0.636 0.079 0.028
13 0.696 0.677 0.069 0.029
13 0.578 0.690 0.041 0.090
13 0.545 0.714 0.043 0.075
13 0.510 0.728 0.045 0.080
13 0.477 0.745 0.059 0.100
13 0.562 0.798 0.109 0.076
13 0.234 0.772 0.102 0.221
13 0.174 0.796 0.102 0.221
13 0.099 0.584 0.104 0.041
13 0.088 0.540 0.071 0.025
13 0.074 0.509 0.049 0.022
13 0.047 0.460 0.049 0.022
13 0.869 0.315 0.101 0.040
13 0.853 0.364 0.124 0.043
13 0.876 0.443 0.091 0.028
13 0.879 0.522 0.085 0.034
13 0.882 0.569 0.119 0.031
13 0.969 0.481 0.040 0.107