11 0.493 0.165 0.306 0.237
11 0.532 0.506 0.354 0.229
11 0.552 0.839 0.383 0.258
13 0.367 0.101 0.044 0.107
13 0.556 0.126 0.031 0.071
13 0.479 0.242 0.031 0.087
13 0.532 0.234 0.028 0.085
13 0.570 0.242 0.028 0.085
13 0.616 0.240 0.028 0.085
13 0.443 0.441 0.029 0.092
13 0.488 0.446 0.029 0.084
13 0.532 0.442 0.029 0.084
13 0.572 0.441 0.029 0.084
13 0.626 0.439 0.029 0.084
13 0.661 0.436 0.033 0.091
13 0.454 0.562 0.037 0.099
13 0.551 0.567 0.024 0.079
13 0.601 0.571 0.034 0.091
13 0.639 0.554 0.024 0.039
13 0.682 0.571 0.033 0.096
13 0.535 0.776 0.028 0.071
13 0.582 0.766 0.034 0.096
13 0.632 0.778 0.034 0.096
13 0.677 0.777 0.034 0.096
13 0.722 0.764 0.034 0.096
13 0.711 0.899 0.034 0.096
13 0.567 0.901 0.041 0.120
13 0.514 0.899 0.036 0.114