11 0.261 0.648 0.136 0.379
11 0.440 0.519 0.050 0.244
11 0.594 0.456 0.029 0.156
11 0.766 0.448 0.065 0.172
13 0.785 0.496 0.025 0.070
13 0.602 0.517 0.014 0.031
13 0.451 0.618 0.025 0.041
13 0.419 0.609 0.018 0.030
13 0.234 0.686 0.043 0.021
13 0.251 0.586 0.026 0.014
13 0.262 0.550 0.024 0.013
13 0.309 0.575 0.039 0.018
13 0.270 0.828 0.037 0.025
13 0.298 0.610 0.034 0.015
13 0.247 0.619 0.039 0.022
13 0.299 0.629 0.033 0.015
13 0.241 0.642 0.045 0.019
13 0.296 0.651 0.041 0.022
13 0.291 0.670 0.041 0.018
13 0.287 0.694 0.040 0.021
13 0.284 0.716 0.036 0.018
13 0.282 0.738 0.045 0.019
13 0.224 0.746 0.040 0.022
13 0.281 0.759 0.041 0.020
13 0.223 0.771 0.049 0.022
13 0.274 0.781 0.043 0.022
13 0.218 0.791 0.041 0.021
13 0.273 0.801 0.040 0.022
13 0.217 0.816 0.049 0.022