18 0.286 0.691 0.040 0.013
18 0.281 0.611 0.035 0.015
18 0.277 0.573 0.031 0.014
18 0.273 0.537 0.035 0.014
18 0.302 0.390 0.019 0.037
18 0.334 0.490 0.018 0.035
18 0.466 0.475 0.021 0.037
18 0.503 0.471 0.024 0.035
18 0.542 0.468 0.021 0.037
18 0.598 0.465 0.018 0.035
18 0.451 0.372 0.019 0.040
18 0.489 0.369 0.022 0.039
18 0.472 0.203 0.031 0.011
18 0.478 0.242 0.049 0.019
18 0.375 0.244 0.035 0.016
18 0.396 0.264 0.039 0.015
18 0.811 0.221 0.033 0.018
18 0.818 0.256 0.029 0.014
18 0.461 0.922 0.019 0.040
18 0.492 0.916 0.019 0.034
16 0.442 0.660 0.096 0.172
5 0.567 0.646 0.131 0.210