11 0.327 0.081 0.499 0.077
11 0.657 0.234 0.568 0.171
11 0.181 0.249 0.289 0.142
11 0.773 0.721 0.041 0.072
11 0.954 0.649 0.092 0.134
13 0.056 0.107 0.036 0.043
13 0.101 0.084 0.019 0.048
13 0.157 0.079 0.016 0.039
13 0.259 0.084 0.016 0.035
13 0.354 0.086 0.019 0.045
13 0.394 0.091 0.019 0.045
13 0.446 0.096 0.019 0.045
13 0.506 0.092 0.015 0.040
13 0.560 0.092 0.015 0.040
13 0.054 0.205 0.015 0.040
13 0.066 0.275 0.035 0.043
13 0.164 0.200 0.020 0.050
13 0.151 0.283 0.022 0.079
13 0.176 0.280 0.022 0.072
13 0.225 0.282 0.028 0.075
13 0.259 0.201 0.020 0.052
13 0.309 0.201 0.019 0.056
13 0.278 0.279 0.025 0.072
13 0.306 0.282 0.028 0.080
13 0.401 0.276 0.024 0.068
13 0.482 0.280 0.024 0.080
13 0.504 0.274 0.024 0.065
13 0.534 0.275 0.024 0.065
13 0.393 0.206 0.016 0.049
13 0.411 0.207 0.011 0.041
13 0.427 0.207 0.015 0.046
13 0.449 0.211 0.015 0.039
13 0.464 0.207 0.016 0.046
13 0.484 0.199 0.016 0.039
13 0.517 0.204 0.013 0.045
13 0.537 0.204 0.018 0.049
13 0.556 0.203 0.015 0.041
13 0.594 0.205 0.016 0.043
13 0.712 0.189 0.014 0.035
13 0.818 0.230 0.021 0.048
13 0.921 0.624 0.026 0.039
13 0.786 0.705 0.019 0.037