16 0.599 0.393 0.041 0.089
16 0.662 0.390 0.045 0.085
4 0.480 0.127 0.165 0.159
4 0.919 0.086 0.091 0.089
10 0.172 0.406 0.273 0.630
18 0.614 0.499 0.015 0.020
18 0.639 0.496 0.015 0.018
18 0.672 0.499 0.014 0.018
18 0.797 0.486 0.011 0.019
18 0.970 0.480 0.013 0.020
18 0.539 0.611 0.018 0.018
18 0.531 0.795 0.024 0.010
18 0.245 0.874 0.022 0.022
18 0.528 0.894 0.024 0.011
18 0.919 0.767 0.024 0.024
18 0.916 0.807 0.025 0.013
18 0.461 0.905 0.016 0.018
18 0.851 0.561 0.011 0.018
18 0.817 0.966 0.019 0.010
4 0.454 0.429 0.111 0.107