11 0.504 0.315 0.909 0.470
11 0.422 0.618 0.731 0.527
13 0.124 0.389 0.048 0.072
13 0.154 0.423 0.028 0.044
13 0.196 0.443 0.028 0.044
13 0.220 0.463 0.028 0.044
13 0.255 0.487 0.028 0.044
13 0.284 0.498 0.028 0.044
13 0.324 0.522 0.028 0.044
13 0.354 0.536 0.028 0.044
13 0.420 0.571 0.028 0.044
13 0.458 0.594 0.028 0.044
13 0.486 0.607 0.029 0.054
13 0.518 0.634 0.029 0.054
13 0.542 0.643 0.029 0.054
13 0.588 0.663 0.029 0.054
13 0.617 0.681 0.031 0.052
13 0.658 0.698 0.029 0.054
13 0.109 0.504 0.033 0.055
13 0.177 0.539 0.033 0.055
13 0.240 0.569 0.033 0.055
13 0.280 0.600 0.033 0.055
13 0.309 0.609 0.033 0.055
13 0.345 0.632 0.033 0.055
13 0.406 0.674 0.033 0.055
13 0.435 0.684 0.033 0.055
13 0.475 0.709 0.033 0.055
13 0.505 0.731 0.033 0.055
13 0.537 0.750 0.033 0.055
13 0.568 0.766 0.033 0.055
13 0.605 0.790 0.040 0.058
13 0.634 0.809 0.040 0.058
13 0.679 0.836 0.040 0.058
13 0.711 0.853 0.040 0.058
13 0.769 0.729 0.031 0.031
13 0.752 0.751 0.031 0.031
13 0.742 0.771 0.031 0.031
13 0.734 0.784 0.031 0.031
13 0.682 0.723 0.031 0.031
13 0.691 0.701 0.031 0.031
13 0.699 0.683 0.031 0.031
13 0.182 0.195 0.236 0.160
13 0.194 0.104 0.035 0.045
13 0.222 0.110 0.031 0.060
13 0.261 0.131 0.036 0.058
13 0.286 0.147 0.036 0.058
13 0.355 0.178 0.043 0.059
13 0.394 0.199 0.040 0.058
13 0.424 0.213 0.046 0.056
13 0.468 0.223 0.035 0.056
13 0.493 0.241 0.034 0.054
13 0.536 0.257 0.040 0.054
13 0.561 0.268 0.045 0.056
13 0.604 0.289 0.035 0.055
13 0.629 0.302 0.041 0.051
13 0.669 0.326 0.036 0.043
13 0.741 0.345 0.040 0.058
13 0.767 0.362 0.036 0.055
13 0.812 0.384 0.045 0.071
13 0.848 0.387 0.046 0.081
13 0.891 0.414 0.051 0.080
13 0.932 0.418 0.051 0.074
13 0.851 0.503 0.048 0.064
13 0.810 0.482 0.048 0.064
13 0.769 0.473 0.048 0.064
13 0.727 0.447 0.034 0.049
13 0.702 0.431 0.034 0.049
13 0.668 0.412 0.034 0.049
13 0.567 0.369 0.034 0.049
13 0.527 0.354 0.034 0.049
13 0.497 0.336 0.034 0.049
13 0.458 0.322 0.034 0.049
13 0.383 0.291 0.034 0.049
13 0.361 0.277 0.034 0.049
13 0.318 0.274 0.041 0.071