11 0.192 0.511 0.209 0.896
11 0.509 0.506 0.223 0.915
11 0.843 0.513 0.165 0.916
13 0.142 0.083 0.098 0.034
13 0.136 0.172 0.098 0.034
13 0.247 0.131 0.085 0.030
13 0.138 0.249 0.098 0.034
13 0.249 0.348 0.089 0.031
13 0.139 0.427 0.092 0.034
13 0.138 0.604 0.091 0.029
13 0.251 0.811 0.068 0.026
13 0.454 0.065 0.094 0.035
13 0.448 0.357 0.084 0.034
13 0.571 0.434 0.084 0.034
13 0.572 0.529 0.116 0.035
13 0.455 0.553 0.083 0.029
13 0.451 0.669 0.081 0.028
13 0.453 0.792 0.081 0.028
13 0.454 0.912 0.090 0.034
13 0.569 0.889 0.096 0.034
13 0.877 0.076 0.077 0.031
13 0.869 0.114 0.077 0.031
13 0.791 0.369 0.050 0.122
13 0.793 0.522 0.051 0.133
13 0.792 0.693 0.040 0.121