11 0.400 0.122 0.743 0.125
11 0.396 0.264 0.736 0.126
11 0.400 0.408 0.730 0.094
11 0.393 0.539 0.698 0.091
11 0.406 0.653 0.705 0.086
11 0.391 0.770 0.681 0.080
11 0.344 0.875 0.585 0.080
11 0.316 0.959 0.550 0.022
13 0.054 0.095 0.010 0.045
13 0.072 0.101 0.013 0.033
13 0.054 0.149 0.011 0.030
13 0.055 0.180 0.010 0.020
13 0.106 0.100 0.015 0.040
13 0.090 0.149 0.013 0.033
13 0.107 0.146 0.015 0.035
13 0.124 0.099 0.013 0.036
13 0.139 0.101 0.014 0.037
13 0.156 0.100 0.014 0.037
13 0.174 0.098 0.014 0.040
13 0.140 0.147 0.015 0.039
13 0.159 0.149 0.015 0.039
13 0.192 0.097 0.014 0.046
13 0.209 0.094 0.014 0.039
13 0.193 0.150 0.015 0.043
13 0.209 0.146 0.014 0.037
13 0.259 0.091 0.013 0.037
13 0.259 0.145 0.016 0.043
13 0.277 0.146 0.011 0.026
13 0.274 0.094 0.014 0.041
13 0.292 0.094 0.015 0.045
13 0.309 0.094 0.015 0.040
13 0.326 0.094 0.015 0.041
13 0.342 0.093 0.014 0.044
13 0.292 0.141 0.015 0.037
13 0.310 0.143 0.013 0.034
13 0.326 0.141 0.013 0.037
13 0.343 0.144 0.013 0.041
13 0.359 0.094 0.015 0.043
13 0.359 0.144 0.014 0.041
13 0.376 0.094 0.014 0.036
13 0.374 0.142 0.014 0.035
13 0.392 0.094 0.014 0.043
13 0.409 0.142 0.016 0.043
13 0.390 0.143 0.007 0.021
13 0.408 0.091 0.016 0.043
13 0.425 0.091 0.013 0.039
13 0.443 0.088 0.018 0.044
13 0.426 0.142 0.014 0.043
13 0.444 0.139 0.013 0.036
13 0.459 0.092 0.016 0.039
13 0.460 0.142 0.013 0.037
13 0.478 0.141 0.014 0.039
13 0.477 0.093 0.011 0.034
13 0.492 0.091 0.014 0.036
13 0.494 0.138 0.014 0.039
13 0.511 0.140 0.015 0.043
13 0.510 0.091 0.015 0.040
13 0.526 0.089 0.015 0.044
13 0.544 0.091 0.014 0.034
13 0.559 0.087 0.013 0.030
13 0.576 0.089 0.018 0.048
13 0.593 0.090 0.014 0.040
13 0.610 0.090 0.013 0.040
13 0.627 0.090 0.014 0.043
13 0.660 0.084 0.015 0.045
13 0.528 0.142 0.016 0.046
13 0.545 0.138 0.013 0.035
13 0.561 0.139 0.014 0.040
13 0.578 0.136 0.013 0.037
13 0.594 0.136 0.014 0.040
13 0.611 0.136 0.016 0.040
13 0.711 0.085 0.015 0.037
13 0.729 0.082 0.015 0.041
13 0.713 0.138 0.010 0.029
13 0.762 0.133 0.013 0.033
13 0.754 0.268 0.019 0.060
13 0.721 0.242 0.016 0.036
13 0.734 0.287 0.011 0.034
13 0.705 0.242 0.015 0.037
13 0.721 0.287 0.013 0.036
13 0.704 0.289 0.011 0.037
13 0.691 0.289 0.013 0.035
13 0.674 0.287 0.014 0.035
13 0.662 0.289 0.011 0.033
13 0.662 0.243 0.014 0.036
13 0.646 0.245 0.013 0.033
13 0.631 0.244 0.013 0.037
13 0.616 0.247 0.011 0.033
13 0.599 0.245 0.011 0.030
13 0.584 0.245 0.013 0.033
13 0.571 0.246 0.015 0.039
13 0.554 0.244 0.015 0.039
13 0.525 0.244 0.013 0.028
13 0.517 0.262 0.019 0.006
13 0.508 0.246 0.009 0.024
13 0.493 0.247 0.014 0.035
13 0.479 0.249 0.011 0.029
13 0.464 0.247 0.013 0.039
13 0.435 0.248 0.013 0.034
13 0.646 0.291 0.011 0.036
13 0.632 0.290 0.011 0.035
13 0.617 0.289 0.011 0.035
13 0.571 0.289 0.015 0.039
13 0.554 0.289 0.014 0.036
13 0.541 0.291 0.010 0.030
13 0.525 0.292 0.013 0.034
13 0.511 0.292 0.013 0.037
13 0.464 0.295 0.014 0.037
13 0.436 0.292 0.011 0.043
13 0.419 0.253 0.009 0.021
13 0.421 0.292 0.011 0.029
13 0.405 0.249 0.015 0.037
13 0.390 0.249 0.013 0.034
13 0.390 0.295 0.013 0.033
13 0.372 0.248 0.013 0.036
13 0.359 0.250 0.010 0.033
13 0.344 0.251 0.011 0.034
13 0.328 0.251 0.011 0.035
13 0.374 0.294 0.011 0.034
13 0.359 0.296 0.010 0.029
13 0.344 0.296 0.014 0.036
13 0.314 0.251 0.013 0.033
13 0.284 0.252 0.013 0.034
13 0.269 0.251 0.011 0.031
13 0.253 0.251 0.016 0.037
13 0.238 0.251 0.011 0.028
13 0.211 0.253 0.014 0.035
13 0.195 0.254 0.013 0.035
13 0.180 0.254 0.010 0.035
13 0.164 0.256 0.011 0.031
13 0.149 0.254 0.013 0.034
13 0.133 0.255 0.013 0.035
13 0.301 0.297 0.013 0.034
13 0.284 0.297 0.014 0.036
13 0.256 0.297 0.016 0.037
13 0.241 0.297 0.010 0.033
13 0.226 0.299 0.014 0.039
13 0.211 0.299 0.011 0.035
13 0.195 0.300 0.015 0.037
13 0.182 0.300 0.014 0.035
13 0.166 0.301 0.011 0.036
13 0.150 0.300 0.015 0.037
13 0.134 0.300 0.014 0.035
13 0.119 0.298 0.013 0.036
13 0.104 0.256 0.013 0.030
13 0.088 0.258 0.011 0.033
13 0.089 0.299 0.011 0.022
13 0.076 0.300 0.007 0.025
13 0.074 0.261 0.010 0.022
13 0.054 0.210 0.009 0.020
13 0.054 0.232 0.009 0.019
13 0.056 0.257 0.010 0.024
13 0.057 0.297 0.009 0.019
13 0.058 0.319 0.010 0.020
13 0.059 0.372 0.010 0.022
13 0.059 0.399 0.010 0.019
13 0.079 0.400 0.007 0.020
13 0.063 0.441 0.011 0.031
13 0.081 0.439 0.009 0.025
13 0.092 0.436 0.010 0.029
13 0.106 0.399 0.013 0.031
13 0.122 0.401 0.011 0.026
13 0.109 0.438 0.013 0.030
13 0.124 0.437 0.013 0.031
13 0.136 0.439 0.013 0.031
13 0.138 0.398 0.013 0.031
13 0.152 0.398 0.011 0.031
13 0.168 0.396 0.014 0.033
13 0.169 0.440 0.011 0.033
13 0.186 0.439 0.014 0.035
13 0.183 0.397 0.014 0.034
13 0.197 0.395 0.011 0.033
13 0.228 0.396 0.013 0.035
13 0.244 0.394 0.014 0.039
13 0.259 0.393 0.010 0.031
13 0.273 0.394 0.014 0.035
13 0.287 0.394 0.013 0.036
13 0.318 0.394 0.013 0.033
13 0.333 0.394 0.010 0.034
13 0.347 0.393 0.011 0.033
13 0.198 0.438 0.011 0.033
13 0.214 0.438 0.010 0.033
13 0.229 0.435 0.013 0.030
13 0.244 0.438 0.013 0.034
13 0.258 0.436 0.013 0.033
13 0.274 0.436 0.010 0.034
13 0.289 0.434 0.010 0.028
13 0.304 0.436 0.010 0.034
13 0.318 0.434 0.011 0.034
13 0.334 0.434 0.013 0.031
13 0.348 0.436 0.011 0.034
13 0.363 0.434 0.011 0.033
13 0.377 0.389 0.011 0.031
13 0.392 0.392 0.011 0.034
13 0.378 0.434 0.013 0.033
13 0.409 0.392 0.013 0.034
13 0.424 0.391 0.013 0.035
13 0.409 0.433 0.010 0.034
13 0.424 0.434 0.011 0.034
13 0.454 0.391 0.015 0.033
13 0.469 0.389 0.011 0.034
13 0.439 0.434 0.013 0.033
13 0.454 0.432 0.010 0.031
13 0.468 0.434 0.011 0.028
13 0.483 0.389 0.011 0.034
13 0.484 0.431 0.011 0.033
13 0.499 0.429 0.010 0.031
13 0.498 0.389 0.011 0.031
13 0.513 0.389 0.011 0.035
13 0.513 0.429 0.011 0.030
13 0.528 0.388 0.011 0.033
13 0.543 0.389 0.011 0.033
13 0.557 0.388 0.010 0.033
13 0.574 0.388 0.013 0.036
13 0.529 0.429 0.010 0.031
13 0.544 0.431 0.013 0.029
13 0.558 0.429 0.011 0.030
13 0.573 0.429 0.013 0.034
13 0.587 0.428 0.011 0.031
13 0.603 0.429 0.011 0.028
13 0.587 0.388 0.011 0.034
13 0.603 0.384 0.010 0.029
13 0.618 0.386 0.014 0.035
13 0.633 0.385 0.011 0.033
13 0.634 0.429 0.013 0.035
13 0.648 0.386 0.011 0.033
13 0.665 0.384 0.013 0.031
13 0.677 0.382 0.013 0.034
13 0.693 0.385 0.011 0.033
13 0.708 0.384 0.013 0.034
13 0.737 0.383 0.011 0.030
13 0.756 0.396 0.014 0.046
13 0.649 0.429 0.014 0.035
13 0.664 0.427 0.011 0.031
13 0.679 0.427 0.009 0.028
13 0.694 0.427 0.010 0.033
13 0.710 0.426 0.013 0.033
13 0.724 0.426 0.010 0.033
13 0.739 0.425 0.013 0.033
13 0.730 0.512 0.013 0.030
13 0.716 0.512 0.011 0.030
13 0.691 0.515 0.013 0.028
13 0.677 0.515 0.011 0.022
13 0.664 0.514 0.013 0.033
13 0.651 0.515 0.011 0.030
13 0.624 0.515 0.010 0.030
13 0.613 0.515 0.011 0.030
13 0.599 0.514 0.011 0.030
13 0.573 0.516 0.011 0.030
13 0.561 0.516 0.013 0.031
13 0.547 0.516 0.011 0.030
13 0.534 0.517 0.010 0.030
13 0.521 0.516 0.011 0.029
13 0.507 0.517 0.011 0.025
13 0.494 0.518 0.011 0.031
13 0.482 0.518 0.010 0.031
13 0.468 0.517 0.013 0.030
13 0.455 0.520 0.010 0.028
13 0.441 0.516 0.011 0.030
13 0.429 0.519 0.014 0.031
13 0.416 0.559 0.013 0.028
13 0.430 0.556 0.007 0.024
13 0.444 0.554 0.010 0.029
13 0.457 0.559 0.011 0.031
13 0.468 0.557 0.011 0.031
13 0.482 0.557 0.010 0.030
13 0.494 0.555 0.011 0.028
13 0.508 0.556 0.011 0.031
13 0.522 0.555 0.010 0.028
13 0.536 0.556 0.011 0.031
13 0.547 0.554 0.013 0.033
13 0.561 0.554 0.010 0.028
13 0.574 0.554 0.011 0.030
13 0.588 0.553 0.011 0.029
13 0.600 0.554 0.010 0.030
13 0.612 0.555 0.009 0.020
13 0.626 0.556 0.011 0.028
13 0.639 0.554 0.010 0.030
13 0.651 0.552 0.010 0.030
13 0.664 0.552 0.011 0.030
13 0.679 0.551 0.010 0.028
13 0.689 0.553 0.009 0.029
13 0.704 0.550 0.011 0.025
13 0.716 0.549 0.010 0.026
13 0.731 0.550 0.010 0.030
13 0.751 0.646 0.015 0.059
13 0.732 0.631 0.011 0.034
13 0.718 0.629 0.011 0.026
13 0.706 0.629 0.011 0.026
13 0.693 0.631 0.013 0.031
13 0.721 0.667 0.014 0.030
13 0.708 0.670 0.010 0.033
13 0.667 0.634 0.010 0.031
13 0.694 0.671 0.010 0.029
13 0.679 0.670 0.013 0.030
13 0.652 0.632 0.010 0.025
13 0.654 0.670 0.011 0.030
13 0.640 0.631 0.010 0.029
13 0.626 0.633 0.010 0.031
13 0.616 0.633 0.011 0.029
13 0.601 0.634 0.010 0.030
13 0.590 0.636 0.013 0.031
13 0.576 0.634 0.010 0.031
13 0.564 0.635 0.013 0.035
13 0.550 0.636 0.013 0.031
13 0.523 0.636 0.011 0.031
13 0.641 0.667 0.010 0.022
13 0.628 0.672 0.011 0.026
13 0.617 0.672 0.011 0.031
13 0.604 0.671 0.011 0.030
13 0.591 0.673 0.013 0.034
13 0.577 0.672 0.011 0.033
13 0.564 0.672 0.009 0.029
13 0.551 0.672 0.013 0.029
13 0.538 0.672 0.011 0.028
13 0.497 0.636 0.011 0.029
13 0.512 0.674 0.013 0.030
13 0.484 0.637 0.013 0.029
13 0.471 0.636 0.011 0.030
13 0.458 0.636 0.011 0.030
13 0.472 0.674 0.011 0.029
13 0.445 0.636 0.013 0.028
13 0.431 0.636 0.010 0.028
13 0.419 0.636 0.013 0.033
13 0.405 0.636 0.010 0.029
13 0.459 0.675 0.011 0.028
13 0.446 0.676 0.011 0.031
13 0.433 0.677 0.011 0.030
13 0.419 0.676 0.011 0.028
13 0.406 0.676 0.010 0.033
13 0.391 0.637 0.010 0.029
13 0.403 0.521 0.010 0.026
13 0.404 0.558 0.013 0.031
13 0.389 0.520 0.010 0.028
13 0.378 0.521 0.010 0.026
13 0.364 0.521 0.011 0.030
13 0.352 0.520 0.011 0.030
13 0.391 0.558 0.011 0.029
13 0.379 0.557 0.009 0.030
13 0.339 0.522 0.010 0.029
13 0.352 0.559 0.010 0.025
13 0.339 0.561 0.010 0.029
13 0.328 0.560 0.010 0.028
13 0.326 0.522 0.011 0.029
13 0.312 0.524 0.010 0.028
13 0.299 0.520 0.011 0.033
13 0.301 0.560 0.009 0.030
13 0.287 0.561 0.009 0.031
13 0.274 0.561 0.011 0.030
13 0.273 0.522 0.011 0.028
13 0.260 0.527 0.010 0.026
13 0.248 0.524 0.011 0.030
13 0.248 0.562 0.011 0.031
13 0.234 0.561 0.010 0.026
13 0.233 0.523 0.009 0.031
13 0.221 0.523 0.011 0.029
13 0.194 0.525 0.011 0.030
13 0.222 0.561 0.011 0.028
13 0.207 0.566 0.013 0.030
13 0.195 0.562 0.010 0.026
13 0.169 0.525 0.011 0.030
13 0.156 0.524 0.011 0.031
13 0.144 0.525 0.011 0.028
13 0.130 0.526 0.010 0.026
13 0.117 0.527 0.009 0.022
13 0.091 0.528 0.011 0.026
13 0.182 0.564 0.011 0.028
13 0.171 0.566 0.009 0.029
13 0.157 0.564 0.011 0.031
13 0.144 0.562 0.013 0.028
13 0.131 0.563 0.010 0.031
13 0.119 0.563 0.010 0.026
13 0.091 0.562 0.010 0.025
13 0.078 0.565 0.011 0.028
13 0.381 0.638 0.009 0.029
13 0.367 0.639 0.010 0.029
13 0.354 0.638 0.011 0.029
13 0.341 0.638 0.011 0.031
13 0.329 0.641 0.010 0.029
13 0.315 0.642 0.010 0.034
13 0.303 0.639 0.011 0.033
13 0.288 0.641 0.011 0.031
13 0.263 0.642 0.010 0.029
13 0.250 0.641 0.010 0.030
13 0.236 0.642 0.011 0.031
13 0.224 0.641 0.013 0.033
13 0.209 0.640 0.011 0.030
13 0.197 0.642 0.011 0.030
13 0.182 0.642 0.013 0.031
13 0.158 0.644 0.010 0.031
13 0.146 0.642 0.013 0.028
13 0.132 0.644 0.011 0.031
13 0.119 0.645 0.010 0.028
13 0.107 0.646 0.011 0.026
13 0.080 0.647 0.010 0.026
13 0.393 0.679 0.010 0.029
13 0.383 0.678 0.010 0.026
13 0.368 0.677 0.011 0.028
13 0.343 0.678 0.013 0.031
13 0.328 0.680 0.009 0.020
13 0.316 0.680 0.011 0.030
13 0.303 0.678 0.011 0.029
13 0.277 0.679 0.011 0.033
13 0.263 0.681 0.011 0.030
13 0.237 0.679 0.014 0.028
13 0.225 0.682 0.013 0.031
13 0.211 0.682 0.013 0.030
13 0.198 0.681 0.011 0.031
13 0.184 0.681 0.010 0.026
13 0.171 0.683 0.010 0.026
13 0.159 0.684 0.011 0.029
13 0.147 0.682 0.013 0.030
13 0.121 0.681 0.011 0.024
13 0.107 0.681 0.011 0.028
13 0.094 0.680 0.011 0.028
13 0.081 0.681 0.010 0.028
13 0.064 0.568 0.011 0.034
13 0.068 0.762 0.009 0.021
13 0.069 0.797 0.011 0.026
13 0.070 0.871 0.007 0.020
13 0.084 0.868 0.009 0.024
13 0.095 0.869 0.007 0.020
13 0.107 0.866 0.010 0.024
13 0.121 0.868 0.009 0.022
13 0.086 0.901 0.009 0.024
13 0.096 0.899 0.007 0.021
13 0.110 0.901 0.010 0.024
13 0.146 0.864 0.009 0.028
13 0.133 0.900 0.009 0.025
13 0.146 0.902 0.011 0.028
13 0.159 0.901 0.010 0.025
13 0.171 0.901 0.010 0.026
13 0.182 0.899 0.010 0.029
13 0.209 0.898 0.010 0.026
13 0.157 0.865 0.011 0.028
13 0.170 0.866 0.010 0.026
13 0.182 0.866 0.009 0.028
13 0.195 0.864 0.010 0.029
13 0.206 0.864 0.010 0.026
13 0.220 0.864 0.010 0.030
13 0.231 0.864 0.010 0.028
13 0.243 0.863 0.009 0.030
13 0.255 0.863 0.010 0.029
13 0.268 0.864 0.009 0.025
13 0.281 0.862 0.010 0.026
13 0.305 0.861 0.010 0.028
13 0.232 0.898 0.009 0.024
13 0.245 0.897 0.010 0.025
13 0.256 0.897 0.010 0.028
13 0.269 0.897 0.007 0.025
13 0.294 0.899 0.011 0.025
13 0.306 0.896 0.010 0.028
13 0.319 0.896 0.010 0.025
13 0.317 0.862 0.009 0.029
13 0.329 0.861 0.010 0.028
13 0.343 0.895 0.010 0.022
13 0.342 0.861 0.009 0.026
13 0.353 0.860 0.009 0.025
13 0.366 0.863 0.007 0.022
13 0.378 0.861 0.010 0.029
13 0.356 0.897 0.010 0.024
13 0.367 0.896 0.011 0.021
13 0.391 0.893 0.010 0.026
13 0.392 0.860 0.009 0.025
13 0.084 0.794 0.007 0.019
13 0.081 0.762 0.010 0.020
13 0.092 0.762 0.007 0.022
13 0.106 0.762 0.010 0.024
13 0.094 0.794 0.007 0.021
13 0.106 0.794 0.010 0.026
13 0.118 0.794 0.006 0.021
13 0.118 0.762 0.009 0.022
13 0.131 0.762 0.011 0.029
13 0.132 0.794 0.011 0.028
13 0.142 0.760 0.010 0.025
13 0.155 0.759 0.010 0.026
13 0.144 0.794 0.011 0.029
13 0.157 0.795 0.009 0.022
13 0.168 0.761 0.011 0.029
13 0.179 0.758 0.009 0.026
13 0.192 0.758 0.009 0.026
13 0.168 0.796 0.009 0.028
13 0.181 0.794 0.010 0.024
13 0.193 0.795 0.007 0.025
13 0.204 0.792 0.011 0.028
13 0.217 0.793 0.010 0.029
13 0.230 0.792 0.007 0.026
13 0.242 0.792 0.009 0.028
13 0.255 0.794 0.007 0.020
13 0.268 0.792 0.013 0.030
13 0.279 0.793 0.010 0.026
13 0.291 0.790 0.009 0.020
13 0.304 0.792 0.010 0.028
13 0.316 0.791 0.010 0.028
13 0.327 0.790 0.011 0.028
13 0.340 0.790 0.010 0.028
13 0.353 0.791 0.011 0.025
13 0.365 0.789 0.013 0.029
13 0.377 0.787 0.009 0.024
13 0.389 0.789 0.009 0.028
13 0.204 0.759 0.011 0.025
13 0.217 0.759 0.011 0.026
13 0.229 0.757 0.011 0.030
13 0.242 0.758 0.009 0.026
13 0.253 0.757 0.009 0.025
13 0.267 0.757 0.009 0.026
13 0.279 0.756 0.010 0.028
13 0.290 0.757 0.007 0.019
13 0.302 0.756 0.009 0.029
13 0.314 0.756 0.009 0.026
13 0.326 0.755 0.010 0.028
13 0.341 0.755 0.009 0.028
13 0.352 0.758 0.009 0.024
13 0.364 0.756 0.009 0.029
13 0.376 0.756 0.010 0.028
13 0.400 0.755 0.010 0.028
13 0.401 0.789 0.011 0.026
13 0.414 0.787 0.007 0.028
13 0.426 0.791 0.011 0.030
13 0.438 0.788 0.009 0.024
13 0.425 0.754 0.010 0.028
13 0.450 0.753 0.010 0.026
13 0.462 0.753 0.009 0.026
13 0.474 0.752 0.011 0.025
13 0.487 0.753 0.009 0.026
13 0.499 0.752 0.009 0.024
13 0.512 0.752 0.009 0.029
13 0.523 0.752 0.009 0.029
13 0.534 0.750 0.009 0.022
13 0.548 0.751 0.011 0.025
13 0.561 0.751 0.010 0.026
13 0.572 0.751 0.009 0.022
13 0.585 0.749 0.010 0.028
13 0.596 0.749 0.011 0.028
13 0.610 0.749 0.010 0.025
13 0.621 0.749 0.013 0.029
13 0.633 0.749 0.009 0.025
13 0.647 0.748 0.011 0.024
13 0.658 0.748 0.009 0.024
13 0.670 0.746 0.010 0.028
13 0.682 0.745 0.010 0.022
13 0.451 0.787 0.011 0.029
13 0.463 0.787 0.010 0.024
13 0.476 0.786 0.011 0.028
13 0.488 0.786 0.011 0.026
13 0.511 0.787 0.010 0.024
13 0.536 0.786 0.010 0.024
13 0.562 0.783 0.009 0.024
13 0.573 0.782 0.010 0.022
13 0.586 0.781 0.009 0.025
13 0.598 0.784 0.010 0.026
13 0.609 0.784 0.009 0.022
13 0.623 0.783 0.010 0.024
13 0.636 0.783 0.011 0.026
13 0.648 0.781 0.009 0.026
13 0.659 0.782 0.011 0.026
13 0.671 0.781 0.009 0.022
13 0.684 0.782 0.010 0.029
13 0.403 0.861 0.009 0.025
13 0.404 0.896 0.009 0.024
13 0.416 0.861 0.010 0.024
13 0.416 0.892 0.010 0.026
13 0.429 0.893 0.010 0.024
13 0.440 0.859 0.010 0.024
13 0.453 0.859 0.010 0.026
13 0.441 0.892 0.009 0.025
13 0.453 0.894 0.011 0.028
13 0.477 0.859 0.011 0.024
13 0.476 0.893 0.010 0.026
13 0.490 0.892 0.010 0.024
13 0.501 0.858 0.011 0.028
13 0.502 0.894 0.010 0.024
13 0.514 0.857 0.010 0.021
13 0.524 0.857 0.014 0.031
13 0.514 0.892 0.010 0.024
13 0.526 0.891 0.011 0.029
13 0.538 0.856 0.009 0.025
13 0.538 0.892 0.011 0.026
13 0.551 0.858 0.009 0.022
13 0.564 0.853 0.010 0.031
13 0.576 0.858 0.010 0.026
13 0.587 0.855 0.009 0.025
13 0.599 0.854 0.011 0.033
13 0.612 0.854 0.009 0.025
13 0.624 0.853 0.011 0.028
13 0.562 0.889 0.009 0.024
13 0.575 0.890 0.010 0.028
13 0.588 0.892 0.011 0.031
13 0.600 0.889 0.010 0.026
13 0.626 0.889 0.009 0.028
13 0.694 0.747 0.010 0.026
13 0.706 0.747 0.007 0.021
13 0.719 0.745 0.009 0.028
13 0.696 0.783 0.009 0.026
13 0.708 0.780 0.010 0.030
13 0.721 0.782 0.007 0.026