13 0.060 0.554 0.077 0.221
11 0.827 0.457 0.109 0.379
13 0.919 0.416 0.046 0.207
18 0.637 0.209 0.036 0.009
18 0.677 0.159 0.026 0.007
18 0.532 0.145 0.021 0.007
18 0.512 0.158 0.018 0.007
18 0.351 0.145 0.021 0.007
18 0.399 0.157 0.020 0.009
18 0.347 0.157 0.018 0.009
18 0.077 0.395 0.010 0.022
13 0.837 0.567 0.034 0.159
13 0.806 0.385 0.061 0.198
13 0.848 0.396 0.041 0.126
13 0.876 0.452 0.014 0.034
13 0.848 0.310 0.013 0.033
13 0.831 0.309 0.009 0.021
13 0.971 0.980 0.034 0.015
11 0.981 0.961 0.031 0.036
11 0.953 0.828 0.060 0.024
11 0.973 0.887 0.036 0.025
6 0.615 0.206 0.650 0.048
6 0.568 0.149 0.580 0.059