11 0.434 0.239 0.068 0.050
11 0.492 0.184 0.039 0.076
11 0.537 0.188 0.036 0.099
11 0.622 0.213 0.069 0.134
11 0.605 0.333 0.072 0.035
11 0.607 0.385 0.106 0.025
11 0.421 0.371 0.124 0.056
11 0.599 0.439 0.071 0.062
11 0.414 0.451 0.107 0.030
11 0.413 0.551 0.111 0.142
11 0.600 0.524 0.050 0.060
11 0.588 0.590 0.066 0.060
11 0.599 0.677 0.064 0.069
11 0.434 0.714 0.106 0.138
11 0.460 0.898 0.200 0.141
11 0.631 0.826 0.094 0.124
11 0.769 0.912 0.115 0.094
13 0.454 0.241 0.035 0.029
13 0.525 0.195 0.013 0.033
13 0.547 0.207 0.013 0.035
13 0.618 0.247 0.020 0.031
13 0.400 0.394 0.030 0.011
13 0.399 0.356 0.014 0.033
13 0.451 0.366 0.018 0.039
13 0.586 0.391 0.048 0.014
13 0.596 0.340 0.039 0.018
13 0.590 0.319 0.030 0.011
13 0.417 0.444 0.056 0.018
13 0.576 0.438 0.016 0.044
13 0.422 0.492 0.066 0.019
13 0.418 0.541 0.051 0.019
13 0.562 0.588 0.018 0.056
13 0.398 0.692 0.015 0.056
13 0.447 0.707 0.071 0.024
13 0.448 0.734 0.058 0.020
13 0.428 0.674 0.026 0.010
13 0.418 0.659 0.029 0.009
13 0.454 0.656 0.031 0.010
13 0.434 0.768 0.043 0.016
13 0.416 0.947 0.022 0.036
13 0.435 0.853 0.048 0.018
13 0.498 0.848 0.059 0.016
13 0.609 0.820 0.043 0.052
13 0.649 0.875 0.030 0.035
13 0.450 0.904 0.048 0.015
13 0.516 0.899 0.068 0.022
13 0.436 0.944 0.030 0.046
13 0.456 0.943 0.020 0.037
13 0.514 0.938 0.022 0.039
13 0.539 0.941 0.030 0.050
13 0.558 0.941 0.029 0.049
13 0.744 0.933 0.059 0.029
13 0.801 0.948 0.033 0.018
13 0.742 0.904 0.024 0.013
13 0.805 0.926 0.040 0.020