11 0.527 0.664 0.881 0.253
11 0.561 0.307 0.861 0.271
13 0.107 0.574 0.036 0.066
13 0.141 0.621 0.019 0.055
13 0.110 0.639 0.018 0.030
13 0.198 0.600 0.029 0.092
13 0.242 0.598 0.035 0.100
13 0.389 0.625 0.022 0.077
13 0.421 0.637 0.021 0.064
13 0.479 0.631 0.031 0.085
13 0.434 0.711 0.090 0.028
13 0.508 0.652 0.021 0.066
13 0.570 0.647 0.022 0.094
13 0.606 0.664 0.022 0.081
13 0.648 0.681 0.034 0.058
13 0.689 0.676 0.025 0.077
13 0.739 0.668 0.026 0.099
13 0.771 0.675 0.024 0.085
13 0.857 0.766 0.156 0.045
13 0.861 0.686 0.036 0.089
13 0.146 0.302 0.035 0.058
13 0.194 0.222 0.028 0.071
13 0.251 0.302 0.020 0.044
13 0.292 0.318 0.025 0.065
13 0.318 0.336 0.022 0.064
13 0.388 0.335 0.020 0.055
13 0.469 0.246 0.021 0.058
13 0.457 0.336 0.016 0.050
13 0.493 0.352 0.024 0.068
13 0.525 0.345 0.020 0.065
13 0.534 0.259 0.022 0.059
13 0.608 0.268 0.025 0.060
13 0.596 0.354 0.021 0.064
13 0.661 0.361 0.014 0.049
13 0.671 0.282 0.021 0.044
13 0.741 0.278 0.024 0.059
13 0.727 0.378 0.026 0.068
13 0.779 0.299 0.021 0.049
13 0.797 0.376 0.021 0.052
13 0.809 0.293 0.025 0.059
13 0.848 0.306 0.020 0.048
13 0.869 0.398 0.029 0.075
13 0.879 0.297 0.024 0.068
13 0.917 0.302 0.019 0.064
13 0.947 0.301 0.029 0.074
13 0.932 0.406 0.024 0.060