11 0.789 0.293 0.174 0.436
11 0.568 0.269 0.121 0.448
11 0.409 0.281 0.115 0.405
11 0.270 0.144 0.052 0.131
11 0.191 0.154 0.049 0.133
18 0.148 0.050 0.041 0.025
11 0.124 0.365 0.050 0.565
13 0.128 0.393 0.030 0.092
13 0.182 0.164 0.035 0.087
13 0.283 0.157 0.041 0.094
13 0.408 0.201 0.031 0.115
13 0.376 0.337 0.055 0.144
13 0.447 0.272 0.051 0.101
13 0.436 0.405 0.058 0.147
13 0.549 0.226 0.054 0.124
13 0.598 0.284 0.049 0.134
13 0.564 0.414 0.062 0.140
13 0.806 0.184 0.059 0.126
13 0.768 0.318 0.056 0.122
13 0.801 0.381 0.058 0.124
13 0.731 0.451 0.059 0.122