18 0.921 0.681 0.007 0.045
18 0.988 0.431 0.007 0.010
18 0.978 0.431 0.005 0.011
18 0.990 0.146 0.010 0.006
18 0.951 0.139 0.005 0.014
15 0.369 0.389 0.065 0.056
15 0.434 0.389 0.045 0.043
15 0.492 0.389 0.045 0.043
15 0.396 0.511 0.079 0.070
15 0.482 0.511 0.079 0.070
15 0.329 0.679 0.133 0.121
15 0.456 0.606 0.028 0.026
15 0.502 0.608 0.034 0.025
15 0.661 0.512 0.079 0.070
15 0.746 0.514 0.079 0.070
15 0.829 0.514 0.079 0.070
15 0.783 0.391 0.054 0.045
15 0.844 0.391 0.050 0.044
15 0.769 0.163 0.050 0.044
15 0.833 0.163 0.050 0.044
15 0.833 0.053 0.077 0.071
15 0.748 0.052 0.077 0.071
15 0.664 0.052 0.077 0.071
15 0.802 0.638 0.086 0.076
15 0.803 0.739 0.086 0.076
15 0.697 0.739 0.086 0.076
15 0.131 0.637 0.036 0.028
15 0.130 0.670 0.035 0.025
15 0.130 0.706 0.035 0.025
15 0.043 0.534 0.043 0.041
15 0.094 0.518 0.046 0.041
15 0.151 0.518 0.044 0.041
15 0.044 0.586 0.026 0.029
15 0.046 0.621 0.019 0.018
15 0.046 0.643 0.019 0.019