1 0.559 0.404 0.172 0.269
18 0.237 0.184 0.080 0.037
18 0.311 0.219 0.089 0.026
18 0.349 0.192 0.083 0.036
18 0.436 0.266 0.068 0.029
18 0.339 0.391 0.077 0.059
18 0.647 0.357 0.056 0.034
18 0.743 0.436 0.085 0.049
18 0.669 0.516 0.080 0.046
18 0.556 0.656 0.024 0.019
18 0.435 0.540 0.025 0.018
18 0.577 0.586 0.026 0.020
18 0.606 0.682 0.020 0.021
18 0.014 0.686 0.018 0.022
18 0.069 0.676 0.015 0.026
18 0.130 0.618 0.028 0.016
18 0.199 0.616 0.025 0.015
18 0.124 0.674 0.014 0.028
18 0.179 0.662 0.014 0.029
18 0.207 0.672 0.035 0.016