11 0.279 0.403 0.360 0.666
11 0.728 0.434 0.228 0.564
13 0.199 0.106 0.077 0.033
13 0.312 0.106 0.028 0.058
13 0.191 0.168 0.144 0.054
13 0.344 0.174 0.085 0.029
13 0.372 0.233 0.169 0.056
13 0.197 0.287 0.119 0.046
13 0.361 0.288 0.111 0.046
13 0.219 0.336 0.080 0.035
13 0.361 0.401 0.129 0.049
13 0.366 0.465 0.142 0.058
13 0.179 0.508 0.150 0.051
13 0.368 0.575 0.161 0.050
13 0.358 0.637 0.134 0.045
13 0.189 0.637 0.129 0.036
13 0.198 0.709 0.142 0.044
13 0.340 0.713 0.122 0.048
13 0.711 0.352 0.171 0.052
13 0.711 0.409 0.171 0.052
13 0.711 0.481 0.155 0.044
13 0.703 0.606 0.163 0.050
13 0.702 0.670 0.174 0.060