11 0.731 0.112 0.521 0.096
11 0.726 0.254 0.521 0.091
11 0.723 0.403 0.529 0.092
11 0.739 0.610 0.517 0.263
11 0.753 0.799 0.494 0.309
13 0.484 0.139 0.011 0.031
13 0.518 0.142 0.014 0.031
13 0.573 0.146 0.010 0.028
13 0.601 0.145 0.010 0.028
13 0.613 0.145 0.011 0.028
13 0.627 0.145 0.009 0.028
13 0.639 0.145 0.010 0.028
13 0.542 0.094 0.013 0.036
13 0.557 0.094 0.013 0.036
13 0.575 0.096 0.013 0.036
13 0.594 0.097 0.013 0.036
13 0.629 0.099 0.013 0.036
13 0.644 0.096 0.013 0.036
13 0.715 0.101 0.013 0.036
13 0.729 0.102 0.013 0.036
13 0.779 0.107 0.013 0.036
13 0.833 0.111 0.010 0.031
13 0.850 0.106 0.013 0.036
13 0.829 0.153 0.013 0.029
13 0.888 0.158 0.011 0.026
13 0.923 0.116 0.011 0.028
13 0.960 0.161 0.010 0.026
13 0.942 0.239 0.009 0.028
13 0.912 0.273 0.010 0.024
13 0.883 0.275 0.009 0.028
13 0.857 0.279 0.011 0.028
13 0.475 0.379 0.013 0.034
13 0.496 0.378 0.011 0.033
13 0.544 0.376 0.013 0.030
13 0.576 0.377 0.010 0.029
13 0.604 0.378 0.010 0.029
13 0.640 0.376 0.010 0.029
13 0.656 0.375 0.011 0.035
13 0.623 0.425 0.014 0.043
13 0.728 0.373 0.015 0.036
13 0.728 0.418 0.013 0.031
13 0.757 0.374 0.013 0.035
13 0.775 0.421 0.010 0.033
13 0.823 0.367 0.010 0.030
13 0.807 0.419 0.011 0.034
13 0.821 0.414 0.011 0.034
13 0.838 0.372 0.010 0.029
13 0.864 0.369 0.013 0.033
13 0.909 0.369 0.013 0.029
13 0.921 0.369 0.013 0.029
13 0.871 0.416 0.007 0.028
13 0.911 0.412 0.010 0.026
13 0.923 0.408 0.009 0.021
13 0.939 0.412 0.013 0.029
13 0.538 0.551 0.016 0.039
13 0.554 0.551 0.014 0.037
13 0.573 0.547 0.013 0.030
13 0.634 0.541 0.016 0.039
13 0.545 0.588 0.050 0.020
13 0.544 0.637 0.043 0.013
13 0.697 0.534 0.016 0.039
13 0.652 0.601 0.039 0.015
13 0.764 0.530 0.011 0.028
13 0.704 0.573 0.028 0.010
13 0.701 0.585 0.028 0.010
13 0.701 0.614 0.024 0.013
13 0.844 0.513 0.013 0.026
13 0.815 0.572 0.013 0.031
13 0.851 0.566 0.015 0.029
13 0.863 0.514 0.014 0.033
13 0.937 0.505 0.011 0.028
13 0.551 0.703 0.039 0.015
13 0.502 0.733 0.034 0.016
13 0.657 0.671 0.033 0.015
13 0.913 0.662 0.024 0.031
13 0.898 0.673 0.024 0.031
13 0.881 0.681 0.024 0.031
13 0.863 0.693 0.019 0.025
13 0.839 0.711 0.019 0.025
13 0.812 0.728 0.015 0.024
13 0.881 0.743 0.020 0.031
13 0.851 0.757 0.016 0.028
13 0.801 0.730 0.018 0.028
13 0.789 0.739 0.018 0.028
13 0.719 0.776 0.016 0.026
13 0.770 0.743 0.018 0.028
13 0.644 0.814 0.019 0.031
13 0.980 0.701 0.028 0.046
13 0.711 0.837 0.021 0.034
13 0.697 0.846 0.019 0.031
13 0.663 0.858 0.021 0.034
13 0.647 0.875 0.026 0.043
13 0.616 0.894 0.026 0.043
13 0.578 0.917 0.026 0.043
13 0.557 0.927 0.026 0.043
13 0.509 0.891 0.029 0.041
13 0.533 0.938 0.029 0.041