11 0.519 0.121 0.912 0.165
11 0.451 0.502 0.861 0.292
13 0.161 0.292 0.064 0.044
13 0.565 0.755 0.058 0.028
13 0.188 0.080 0.026 0.068
13 0.226 0.110 0.041 0.128
13 0.275 0.121 0.052 0.144
13 0.328 0.114 0.046 0.129
13 0.381 0.116 0.046 0.129
13 0.431 0.106 0.045 0.110
13 0.580 0.108 0.048 0.119
13 0.632 0.126 0.045 0.149
13 0.737 0.106 0.044 0.107
13 0.789 0.124 0.052 0.145
13 0.838 0.117 0.045 0.130
13 0.886 0.126 0.050 0.146
13 0.938 0.122 0.049 0.138
13 0.138 0.444 0.219 0.062
13 0.122 0.374 0.074 0.025
13 0.206 0.375 0.074 0.025
13 0.315 0.436 0.028 0.075
13 0.156 0.544 0.254 0.079
13 0.383 0.486 0.054 0.136
13 0.432 0.495 0.049 0.128
13 0.591 0.494 0.049 0.128
13 0.692 0.492 0.049 0.128
13 0.743 0.482 0.048 0.154
13 0.796 0.492 0.046 0.142
13 0.136 0.088 0.026 0.079
13 0.108 0.086 0.026 0.075
13 0.107 0.176 0.030 0.079