11 0.269 0.536 0.489 0.782
11 0.596 0.549 0.242 0.476
11 0.874 0.432 0.217 0.573
18 0.650 0.817 0.033 0.064
18 0.707 0.813 0.041 0.076
18 0.798 0.802 0.026 0.046
18 0.903 0.843 0.031 0.062
13 0.059 0.368 0.045 0.161
13 0.183 0.274 0.064 0.186
13 0.319 0.195 0.174 0.065
13 0.302 0.259 0.126 0.045
13 0.284 0.360 0.098 0.050
13 0.286 0.411 0.106 0.033
13 0.290 0.455 0.100 0.040
13 0.284 0.514 0.087 0.048
13 0.294 0.552 0.083 0.056
13 0.306 0.612 0.107 0.076
13 0.347 0.656 0.125 0.101
13 0.404 0.739 0.117 0.102
13 0.443 0.785 0.086 0.090
13 0.486 0.831 0.051 0.120
13 0.534 0.409 0.100 0.030
13 0.585 0.754 0.113 0.046
13 0.645 0.420 0.060 0.140
13 0.674 0.584 0.061 0.124
13 0.831 0.279 0.116 0.043
13 0.844 0.346 0.133 0.059
13 0.848 0.396 0.113 0.056
13 0.867 0.497 0.086 0.044
13 0.869 0.556 0.095 0.049