11 0.804 0.301 0.335 0.546
11 0.256 0.355 0.475 0.708
13 0.128 0.091 0.163 0.056
13 0.143 0.159 0.141 0.052
13 0.130 0.224 0.165 0.064
13 0.145 0.287 0.175 0.058
13 0.209 0.524 0.121 0.033
13 0.201 0.587 0.135 0.039
13 0.218 0.647 0.156 0.048
13 0.400 0.617 0.113 0.041
13 0.391 0.566 0.122 0.037
13 0.383 0.506 0.122 0.037
13 0.384 0.460 0.142 0.043
13 0.369 0.402 0.124 0.049
13 0.358 0.344 0.116 0.041
13 0.338 0.229 0.141 0.056
13 0.342 0.170 0.124 0.058
13 0.324 0.115 0.124 0.058
13 0.330 0.057 0.128 0.039
13 0.705 0.113 0.120 0.051
13 0.846 0.089 0.091 0.035
13 0.713 0.169 0.114 0.039
13 0.864 0.204 0.083 0.036
13 0.871 0.233 0.072 0.025
13 0.728 0.316 0.126 0.046
13 0.754 0.370 0.114 0.043
13 0.764 0.415 0.114 0.043
13 0.782 0.513 0.124 0.051
13 0.879 0.270 0.065 0.028
13 0.884 0.304 0.085 0.039
13 0.889 0.338 0.084 0.033
13 0.896 0.374 0.076 0.025
13 0.905 0.407 0.080 0.030
13 0.922 0.444 0.095 0.034
13 0.920 0.493 0.095 0.029