11 0.191 0.628 0.211 0.484
13 0.169 0.374 0.043 0.014
11 0.836 0.618 0.172 0.492
11 0.527 0.625 0.211 0.525
11 0.068 0.338 0.134 0.055
13 0.132 0.410 0.074 0.033
13 0.242 0.411 0.090 0.028
13 0.131 0.459 0.100 0.036
13 0.249 0.455 0.087 0.025
13 0.135 0.505 0.100 0.040
13 0.247 0.502 0.096 0.033
13 0.142 0.547 0.105 0.030
13 0.246 0.542 0.096 0.029
13 0.142 0.596 0.094 0.034
13 0.249 0.584 0.081 0.026
13 0.243 0.627 0.089 0.022
13 0.144 0.643 0.077 0.029
13 0.145 0.674 0.105 0.029
13 0.241 0.715 0.080 0.025
13 0.136 0.766 0.096 0.034
13 0.144 0.805 0.101 0.033
13 0.158 0.852 0.124 0.029
13 0.259 0.849 0.075 0.025
13 0.253 0.801 0.075 0.026
13 0.451 0.440 0.059 0.020
13 0.581 0.403 0.091 0.026
13 0.575 0.469 0.087 0.030
13 0.479 0.524 0.079 0.025
13 0.583 0.554 0.080 0.028
13 0.471 0.633 0.104 0.026
13 0.585 0.632 0.087 0.026
13 0.480 0.708 0.090 0.028
13 0.583 0.704 0.065 0.024
13 0.584 0.782 0.084 0.030
13 0.491 0.784 0.080 0.026
13 0.480 0.831 0.075 0.028
13 0.594 0.826 0.079 0.030
13 0.524 0.872 0.170 0.039
13 0.798 0.398 0.071 0.020
13 0.786 0.465 0.072 0.025
13 0.885 0.396 0.077 0.024
13 0.878 0.463 0.076 0.024
13 0.878 0.531 0.069 0.022
13 0.797 0.500 0.074 0.022
13 0.796 0.602 0.080 0.026
13 0.880 0.600 0.065 0.028
13 0.796 0.637 0.071 0.025
13 0.883 0.667 0.066 0.024
13 0.799 0.734 0.074 0.022
13 0.889 0.703 0.071 0.024
13 0.804 0.804 0.077 0.026
13 0.886 0.771 0.065 0.026
13 0.802 0.841 0.069 0.028
13 0.889 0.840 0.071 0.030
13 0.484 0.403 0.074 0.018
13 0.492 0.420 0.060 0.020
13 0.501 0.441 0.043 0.016
13 0.574 0.436 0.062 0.024
13 0.581 0.523 0.075 0.026
13 0.486 0.599 0.086 0.024
13 0.469 0.675 0.106 0.025
13 0.241 0.684 0.076 0.024
13 0.247 0.774 0.035 0.011
13 0.589 0.749 0.087 0.030
13 0.491 0.752 0.071 0.024
13 0.802 0.773 0.077 0.024
13 0.799 0.703 0.075 0.025
13 0.795 0.571 0.080 0.022
13 0.885 0.568 0.068 0.021
13 0.878 0.501 0.076 0.022
13 0.794 0.434 0.072 0.025
13 0.879 0.433 0.075 0.026
6 0.070 0.052 0.138 0.024