11 0.219 0.292 0.087 0.319
11 0.223 0.559 0.094 0.209
11 0.449 0.286 0.129 0.321
11 0.450 0.561 0.122 0.225
11 0.425 0.770 0.492 0.035
11 0.657 0.263 0.111 0.370
11 0.642 0.563 0.106 0.221
11 0.814 0.255 0.086 0.385
11 0.526 0.911 0.121 0.087
13 0.671 0.744 0.019 0.020
13 0.704 0.694 0.015 0.020
13 0.748 0.627 0.014 0.016
13 0.762 0.594 0.009 0.018
13 0.779 0.549 0.022 0.026
13 0.806 0.511 0.016 0.019
11 0.943 0.199 0.076 0.240
13 0.627 0.091 0.055 0.025
13 0.804 0.075 0.055 0.025
13 0.685 0.094 0.048 0.025
13 0.626 0.118 0.055 0.019
13 0.488 0.256 0.051 0.018
13 0.687 0.182 0.044 0.018
13 0.686 0.204 0.044 0.018
13 0.486 0.323 0.044 0.018
13 0.490 0.412 0.050 0.018
13 0.627 0.390 0.049 0.018
13 0.627 0.436 0.049 0.018
13 0.686 0.331 0.049 0.018
13 0.688 0.371 0.049 0.018
13 0.688 0.393 0.044 0.019
13 0.233 0.466 0.077 0.016
13 0.226 0.613 0.066 0.020
13 0.421 0.601 0.054 0.019
13 0.686 0.246 0.037 0.014
13 0.689 0.289 0.044 0.018
13 0.674 0.465 0.044 0.018
13 0.484 0.530 0.044 0.018
13 0.482 0.552 0.044 0.018
13 0.488 0.596 0.046 0.019
13 0.487 0.617 0.046 0.019
13 0.484 0.637 0.046 0.019
13 0.484 0.661 0.046 0.019
13 0.669 0.593 0.046 0.019
13 0.671 0.511 0.037 0.013
13 0.670 0.532 0.037 0.013
13 0.611 0.509 0.033 0.014
13 0.612 0.534 0.029 0.011
13 0.792 0.102 0.037 0.014
13 0.794 0.123 0.037 0.014
13 0.794 0.142 0.037 0.014
13 0.792 0.161 0.037 0.014
13 0.839 0.100 0.034 0.013
13 0.839 0.116 0.034 0.013
13 0.839 0.134 0.034 0.013
13 0.839 0.152 0.034 0.013
13 0.839 0.170 0.034 0.013
13 0.794 0.181 0.034 0.013
13 0.793 0.199 0.034 0.013
13 0.841 0.186 0.034 0.013
13 0.842 0.204 0.034 0.013
13 0.922 0.094 0.034 0.013
13 0.923 0.110 0.034 0.013
13 0.924 0.128 0.034 0.013
13 0.923 0.144 0.034 0.013
13 0.922 0.164 0.034 0.013
13 0.922 0.179 0.034 0.013
13 0.922 0.195 0.034 0.013
13 0.923 0.212 0.034 0.013
13 0.924 0.247 0.034 0.013
13 0.794 0.280 0.034 0.013
13 0.793 0.300 0.034 0.013
13 0.794 0.316 0.034 0.013
13 0.793 0.337 0.039 0.014
13 0.796 0.358 0.039 0.014
13 0.792 0.394 0.039 0.014
13 0.796 0.434 0.039 0.014
13 0.841 0.219 0.030 0.011
13 0.840 0.254 0.030 0.011
13 0.840 0.273 0.030 0.011
13 0.840 0.292 0.030 0.011
13 0.840 0.327 0.030 0.011
13 0.840 0.343 0.030 0.011
13 0.841 0.361 0.030 0.011
13 0.839 0.376 0.030 0.011
13 0.841 0.410 0.028 0.013
13 0.924 0.268 0.031 0.013
13 0.922 0.299 0.033 0.013
13 0.924 0.231 0.029 0.010
13 0.843 0.241 0.025 0.011
13 0.968 0.111 0.034 0.013
13 0.968 0.129 0.034 0.013
13 0.966 0.180 0.034 0.013
13 0.967 0.196 0.034 0.013
13 0.968 0.142 0.025 0.013
13 0.966 0.162 0.028 0.014
13 0.966 0.216 0.028 0.010
13 0.224 0.146 0.072 0.019
13 0.276 0.761 0.022 0.013
13 0.319 0.762 0.024 0.009
13 0.302 0.784 0.028 0.010
13 0.339 0.783 0.025 0.009
13 0.357 0.760 0.024 0.010
13 0.398 0.761 0.034 0.013
13 0.380 0.782 0.028 0.011
13 0.423 0.782 0.026 0.010
13 0.441 0.760 0.033 0.015
13 0.479 0.760 0.029 0.013
13 0.526 0.761 0.025 0.013
13 0.460 0.782 0.025 0.010
13 0.503 0.782 0.021 0.010