11 0.748 0.578 0.264 0.696
11 0.902 0.080 0.195 0.158
13 0.968 0.981 0.020 0.037
11 0.301 0.501 0.416 0.999
13 0.531 0.965 0.028 0.060
13 0.982 0.239 0.036 0.049
13 0.476 0.019 0.041 0.034
13 0.327 0.053 0.229 0.061
13 0.150 0.256 0.068 0.022
13 0.882 0.079 0.090 0.106
13 0.854 0.049 0.080 0.095
13 0.978 0.134 0.045 0.041
13 0.241 0.958 0.064 0.062
13 0.369 0.871 0.046 0.022
13 0.244 0.831 0.064 0.025
13 0.247 0.797 0.061 0.026
13 0.236 0.759 0.069 0.025
13 0.244 0.724 0.072 0.024
13 0.225 0.686 0.092 0.034
13 0.211 0.596 0.135 0.044
13 0.211 0.546 0.129 0.043
13 0.214 0.414 0.133 0.040
13 0.197 0.307 0.171 0.048
13 0.421 0.306 0.170 0.046
13 0.404 0.355 0.135 0.040
13 0.403 0.411 0.138 0.043
13 0.396 0.452 0.124 0.036
13 0.389 0.504 0.104 0.044
13 0.397 0.548 0.129 0.039
13 0.391 0.599 0.117 0.041
13 0.387 0.646 0.111 0.037
13 0.391 0.693 0.096 0.036
13 0.379 0.730 0.085 0.033
13 0.369 0.804 0.061 0.025
13 0.372 0.840 0.056 0.020
13 0.697 0.905 0.064 0.025
13 0.697 0.828 0.066 0.024
13 0.683 0.784 0.071 0.024
13 0.681 0.747 0.086 0.029
13 0.677 0.704 0.099 0.034
13 0.687 0.662 0.079 0.022
13 0.671 0.618 0.107 0.033
13 0.672 0.576 0.098 0.029
13 0.682 0.534 0.089 0.033
13 0.683 0.496 0.099 0.031
13 0.689 0.449 0.072 0.020
13 0.698 0.408 0.050 0.019
13 0.686 0.366 0.080 0.031
13 0.688 0.328 0.086 0.028
13 0.743 0.256 0.188 0.049
13 0.803 0.324 0.046 0.016
13 0.806 0.363 0.077 0.024
13 0.801 0.401 0.061 0.026
13 0.792 0.444 0.056 0.018
13 0.812 0.481 0.087 0.035
13 0.816 0.524 0.098 0.035
13 0.819 0.561 0.094 0.026
13 0.825 0.599 0.110 0.036
13 0.823 0.644 0.110 0.030
13 0.820 0.681 0.095 0.029
13 0.813 0.758 0.089 0.034
13 0.814 0.801 0.094 0.028
13 0.818 0.834 0.089 0.030
13 0.809 0.874 0.064 0.021
13 0.811 0.917 0.077 0.024
13 0.185 0.357 0.180 0.055
13 0.226 0.458 0.100 0.043
13 0.211 0.503 0.141 0.041
13 0.224 0.640 0.107 0.040
13 0.499 0.967 0.025 0.064