11 0.062 0.098 0.122 0.147
11 0.378 0.392 0.275 0.741
11 0.484 0.414 0.174 0.772
11 0.619 0.439 0.169 0.720
11 0.847 0.471 0.224 0.730
11 0.853 0.175 0.019 0.062
11 0.885 0.185 0.033 0.070
13 0.265 0.727 0.043 0.016
13 0.265 0.711 0.043 0.016
13 0.328 0.623 0.033 0.015
13 0.271 0.618 0.043 0.016
13 0.492 0.792 0.046 0.019
13 0.326 0.658 0.036 0.014
13 0.276 0.656 0.034 0.011
13 0.271 0.692 0.033 0.011
13 0.268 0.751 0.037 0.013
13 0.320 0.754 0.035 0.011
13 0.325 0.733 0.043 0.013
13 0.323 0.713 0.039 0.010
13 0.268 0.672 0.039 0.013
13 0.326 0.696 0.041 0.014
13 0.328 0.639 0.031 0.011
13 0.327 0.603 0.031 0.011
13 0.421 0.574 0.039 0.019
13 0.336 0.538 0.033 0.016
13 0.273 0.599 0.040 0.014
13 0.278 0.583 0.033 0.014
13 0.328 0.566 0.034 0.010
13 0.276 0.564 0.041 0.015
13 0.277 0.538 0.044 0.019
13 0.269 0.637 0.044 0.015
13 0.286 0.518 0.040 0.021
13 0.294 0.502 0.033 0.015
13 0.300 0.487 0.040 0.020
13 0.331 0.552 0.031 0.016
13 0.326 0.583 0.035 0.013
13 0.430 0.433 0.028 0.011
13 0.331 0.406 0.030 0.013
13 0.319 0.439 0.040 0.020
13 0.314 0.456 0.040 0.019
13 0.362 0.474 0.040 0.020
13 0.351 0.487 0.029 0.015
13 0.471 0.490 0.046 0.022
13 0.343 0.506 0.035 0.011
13 0.302 0.468 0.036 0.019
13 0.324 0.420 0.030 0.013
13 0.367 0.435 0.031 0.015
13 0.341 0.522 0.031 0.015
13 0.346 0.371 0.031 0.015
13 0.339 0.388 0.026 0.015
13 0.379 0.401 0.026 0.013
13 0.351 0.354 0.029 0.014
13 0.384 0.253 0.035 0.019
13 0.397 0.352 0.026 0.014
13 0.362 0.321 0.029 0.013
13 0.450 0.374 0.025 0.011
13 0.371 0.288 0.026 0.014
13 0.368 0.307 0.026 0.014
13 0.358 0.337 0.026 0.014
13 0.383 0.386 0.026 0.014
13 0.391 0.369 0.026 0.014
13 0.371 0.416 0.028 0.014
13 0.406 0.189 0.029 0.015
13 0.401 0.204 0.028 0.015
13 0.394 0.221 0.034 0.015
13 0.389 0.236 0.030 0.014
13 0.417 0.285 0.026 0.015
13 0.414 0.173 0.034 0.019
13 0.453 0.186 0.024 0.015
13 0.440 0.144 0.050 0.020
13 0.419 0.156 0.025 0.014
13 0.464 0.096 0.033 0.018
13 0.459 0.111 0.026 0.014
13 0.497 0.133 0.018 0.013
13 0.472 0.072 0.026 0.015
13 0.481 0.052 0.031 0.019
13 0.482 0.037 0.039 0.024
13 0.554 0.137 0.029 0.016
13 0.514 0.193 0.024 0.018
13 0.533 0.250 0.026 0.013
13 0.529 0.264 0.026 0.015
13 0.526 0.279 0.030 0.014
13 0.520 0.292 0.025 0.010
13 0.476 0.302 0.025 0.013
13 0.516 0.307 0.030 0.009
13 0.473 0.317 0.019 0.009
13 0.466 0.331 0.028 0.011
13 0.506 0.336 0.030 0.011
13 0.502 0.350 0.026 0.010
13 0.499 0.366 0.033 0.014
13 0.494 0.381 0.029 0.011
13 0.487 0.394 0.031 0.013
13 0.480 0.409 0.028 0.013
13 0.471 0.438 0.035 0.011
13 0.469 0.453 0.033 0.010
13 0.464 0.468 0.030 0.013
13 0.421 0.519 0.028 0.010
13 0.464 0.503 0.035 0.014
13 0.421 0.538 0.030 0.011
13 0.425 0.554 0.030 0.010
13 0.477 0.577 0.030 0.011
13 0.427 0.593 0.036 0.014
13 0.477 0.593 0.029 0.011
13 0.484 0.611 0.034 0.011
13 0.430 0.629 0.043 0.018
13 0.441 0.612 0.013 0.011
13 0.484 0.629 0.037 0.014
13 0.486 0.647 0.037 0.013
13 0.434 0.647 0.040 0.015
13 0.433 0.666 0.041 0.014
13 0.487 0.667 0.036 0.013
13 0.436 0.685 0.030 0.010
13 0.491 0.687 0.040 0.014
13 0.440 0.704 0.033 0.014
13 0.495 0.705 0.037 0.015
13 0.443 0.721 0.034 0.014
13 0.443 0.738 0.037 0.013
13 0.448 0.754 0.026 0.007
13 0.502 0.741 0.044 0.015
13 0.448 0.768 0.043 0.016
13 0.448 0.794 0.037 0.014
13 0.651 0.784 0.065 0.021
13 0.614 0.753 0.054 0.016
13 0.681 0.751 0.049 0.015
13 0.612 0.712 0.041 0.014
13 0.617 0.731 0.044 0.015
13 0.669 0.716 0.040 0.015
13 0.666 0.698 0.040 0.015
13 0.592 0.623 0.034 0.013
13 0.646 0.628 0.035 0.014
13 0.654 0.645 0.040 0.015
13 0.596 0.639 0.035 0.011
13 0.604 0.657 0.035 0.010
13 0.657 0.660 0.046 0.015
13 0.657 0.679 0.031 0.011
13 0.599 0.677 0.048 0.014
13 0.558 0.511 0.039 0.015
13 0.576 0.534 0.031 0.014
13 0.634 0.554 0.046 0.015
13 0.637 0.456 0.062 0.022
13 0.638 0.573 0.046 0.015
13 0.578 0.566 0.041 0.015
13 0.588 0.604 0.046 0.015
13 0.582 0.586 0.046 0.015
13 0.644 0.589 0.054 0.015
13 0.629 0.534 0.048 0.014
13 0.572 0.468 0.046 0.021
13 0.562 0.486 0.051 0.020
13 0.629 0.479 0.036 0.015
13 0.621 0.495 0.033 0.013
13 0.579 0.430 0.041 0.015
13 0.593 0.378 0.033 0.013
13 0.644 0.383 0.034 0.015
13 0.643 0.403 0.044 0.019
13 0.632 0.421 0.031 0.011
13 0.635 0.435 0.048 0.013
13 0.601 0.319 0.036 0.016
13 0.637 0.195 0.035 0.015
13 0.669 0.245 0.029 0.013
13 0.651 0.351 0.036 0.016
13 0.618 0.291 0.036 0.016
13 0.657 0.295 0.033 0.013
13 0.622 0.253 0.036 0.016
13 0.604 0.340 0.030 0.013
13 0.599 0.361 0.026 0.013
13 0.657 0.312 0.036 0.015
13 0.616 0.268 0.022 0.011
13 0.662 0.276 0.029 0.013
13 0.631 0.223 0.029 0.013
13 0.626 0.237 0.021 0.009
13 0.671 0.233 0.030 0.013
13 0.684 0.202 0.031 0.016
13 0.675 0.216 0.028 0.013
13 0.665 0.108 0.025 0.014
13 0.662 0.131 0.019 0.010
13 0.659 0.144 0.016 0.009
13 0.650 0.177 0.022 0.013
13 0.683 0.186 0.024 0.015
13 0.687 0.169 0.026 0.016
13 0.605 0.072 0.015 0.026
13 0.624 0.074 0.028 0.039
13 0.895 0.824 0.068 0.026
13 0.933 0.790 0.064 0.020
13 0.856 0.764 0.054 0.024
13 0.861 0.800 0.049 0.022
13 0.865 0.782 0.035 0.015
13 0.844 0.711 0.048 0.020
13 0.858 0.743 0.044 0.021
13 0.913 0.754 0.041 0.015
13 0.915 0.770 0.043 0.015
13 0.911 0.738 0.036 0.014
13 0.834 0.689 0.062 0.025
13 0.836 0.661 0.046 0.031
13 0.835 0.636 0.043 0.018
13 0.828 0.619 0.045 0.022
13 0.821 0.603 0.049 0.022
13 0.821 0.584 0.039 0.015
13 0.814 0.568 0.040 0.018
13 0.902 0.701 0.039 0.016
13 0.896 0.683 0.039 0.014
13 0.901 0.663 0.056 0.014
13 0.888 0.630 0.039 0.018
13 0.881 0.614 0.033 0.011
13 0.872 0.593 0.026 0.010
13 0.873 0.576 0.037 0.019
13 0.869 0.557 0.039 0.018
13 0.816 0.548 0.048 0.016
13 0.809 0.532 0.045 0.019
13 0.867 0.538 0.044 0.019
13 0.858 0.521 0.028 0.015
13 0.867 0.501 0.051 0.021
13 0.797 0.497 0.049 0.018
13 0.806 0.512 0.043 0.014
13 0.791 0.480 0.054 0.020
13 0.793 0.459 0.049 0.020
13 0.787 0.441 0.046 0.021
13 0.854 0.449 0.052 0.022
13 0.846 0.467 0.030 0.019
13 0.859 0.486 0.048 0.021
13 0.781 0.427 0.050 0.021
13 0.782 0.406 0.040 0.019
13 0.776 0.389 0.044 0.021
13 0.851 0.411 0.069 0.026
13 0.841 0.432 0.036 0.019
13 0.841 0.392 0.041 0.019
13 0.781 0.369 0.029 0.014
13 0.827 0.361 0.031 0.014
13 0.768 0.352 0.034 0.015
13 0.824 0.338 0.039 0.021
13 0.769 0.334 0.033 0.014
13 0.814 0.323 0.034 0.016
13 0.765 0.318 0.035 0.016
13 0.762 0.304 0.031 0.014
13 0.807 0.294 0.029 0.014
13 0.815 0.308 0.037 0.014
13 0.761 0.286 0.036 0.016
13 0.756 0.270 0.039 0.018
13 0.804 0.262 0.044 0.019
13 0.806 0.278 0.028 0.014
13 0.754 0.239 0.037 0.011
13 0.759 0.225 0.021 0.013
13 0.805 0.216 0.033 0.014
13 0.799 0.232 0.029 0.011
13 0.757 0.197 0.028 0.011
13 0.805 0.196 0.025 0.016
13 0.806 0.170 0.031 0.020
13 0.801 0.183 0.025 0.014
13 0.764 0.154 0.024 0.015
13 0.757 0.137 0.018 0.009