11 0.714 0.593 0.506 0.156
11 0.202 0.019 0.401 0.015
18 0.946 0.064 0.021 0.013
18 0.925 0.108 0.022 0.014
18 0.925 0.210 0.025 0.018
18 0.942 0.247 0.016 0.021
18 0.974 0.278 0.011 0.025
11 0.937 0.414 0.071 0.216
13 0.474 0.571 0.024 0.070
13 0.640 0.556 0.025 0.081
13 0.574 0.579 0.015 0.041
13 0.671 0.580 0.013 0.037
13 0.704 0.579 0.019 0.043
13 0.772 0.589 0.015 0.034
13 0.804 0.589 0.016 0.037
13 0.797 0.641 0.025 0.010
13 0.932 0.647 0.055 0.019
13 0.932 0.681 0.052 0.015
13 0.929 0.474 0.060 0.020
13 0.931 0.504 0.049 0.016
13 0.931 0.356 0.048 0.015
13 0.934 0.412 0.051 0.019
13 0.938 0.446 0.034 0.014