11 0.580 0.184 0.660 0.338
11 0.736 0.669 0.487 0.234
13 0.502 0.653 0.016 0.036
13 0.522 0.698 0.026 0.124
13 0.564 0.754 0.024 0.072
13 0.565 0.642 0.030 0.122
13 0.598 0.644 0.026 0.114
13 0.607 0.749 0.021 0.061
13 0.594 0.758 0.010 0.039
13 0.644 0.637 0.030 0.124
13 0.646 0.752 0.022 0.077
13 0.680 0.629 0.028 0.124
13 0.644 0.568 0.041 0.011
13 0.724 0.742 0.019 0.049
13 0.767 0.747 0.022 0.069
13 0.804 0.749 0.024 0.072
13 0.846 0.746 0.019 0.066
13 0.886 0.743 0.021 0.075
13 0.954 0.722 0.010 0.034
13 0.926 0.725 0.014 0.028
13 0.964 0.727 0.009 0.021
13 0.759 0.642 0.024 0.102
13 0.803 0.636 0.024 0.095
13 0.843 0.631 0.021 0.085
13 0.885 0.631 0.030 0.116
13 0.924 0.651 0.016 0.055
13 0.280 0.174 0.050 0.223
13 0.339 0.269 0.031 0.144
13 0.484 0.282 0.033 0.145
13 0.527 0.255 0.025 0.110
13 0.566 0.254 0.028 0.115
13 0.641 0.278 0.028 0.089
13 0.381 0.098 0.034 0.145
13 0.524 0.105 0.026 0.128
13 0.562 0.117 0.025 0.107
13 0.637 0.109 0.025 0.120
13 0.677 0.108 0.025 0.116
13 0.713 0.107 0.022 0.106
13 0.751 0.111 0.025 0.106
13 0.789 0.110 0.022 0.105
13 0.833 0.242 0.018 0.116
13 0.865 0.229 0.022 0.095
13 0.897 0.229 0.025 0.094
13 0.863 0.127 0.020 0.064
13 0.889 0.138 0.015 0.036
13 0.671 0.041 0.037 0.013
18 0.971 0.044 0.010 0.022
18 0.983 0.044 0.009 0.016
18 0.991 0.091 0.009 0.022
18 0.981 0.092 0.009 0.018
18 0.969 0.094 0.011 0.020
18 0.972 0.116 0.009 0.019
18 0.982 0.114 0.009 0.020
18 0.959 0.139 0.009 0.018
18 0.997 0.151 0.006 0.016