11 0.763 0.846 0.461 0.168
11 0.881 0.504 0.215 0.419
11 0.283 0.438 0.564 0.601
11 0.214 0.063 0.241 0.114
13 0.381 0.899 0.035 0.024
13 0.142 0.527 0.184 0.160
13 0.322 0.678 0.134 0.121
13 0.129 0.430 0.083 0.075
13 0.323 0.320 0.079 0.100
13 0.259 0.204 0.055 0.066
13 0.293 0.186 0.049 0.058
13 0.469 0.205 0.069 0.087
13 0.521 0.167 0.091 0.054
13 0.170 0.260 0.055 0.077
13 0.140 0.273 0.050 0.075
13 0.106 0.278 0.062 0.115
13 0.166 0.355 0.075 0.058
13 0.058 0.359 0.110 0.076
13 0.286 0.054 0.095 0.056
13 0.176 0.075 0.030 0.025
13 0.186 0.028 0.030 0.022
13 0.880 0.355 0.110 0.060
13 0.858 0.536 0.164 0.030
13 0.881 0.491 0.130 0.024
13 0.887 0.452 0.113 0.024
13 0.911 0.432 0.041 0.010
13 0.866 0.639 0.168 0.037
13 0.882 0.694 0.145 0.031
13 0.936 0.894 0.102 0.039
13 0.703 0.866 0.334 0.106
13 0.834 0.810 0.247 0.085