11 0.850 0.471 0.292 0.299
11 0.763 0.566 0.304 0.306
11 0.669 0.652 0.287 0.323
11 0.559 0.749 0.271 0.312
11 0.203 0.524 0.393 0.221
11 0.584 0.202 0.374 0.204
11 0.519 0.285 0.319 0.215
11 0.384 0.337 0.439 0.249
11 0.310 0.438 0.407 0.226
13 0.124 0.478 0.026 0.039
13 0.139 0.482 0.025 0.040
13 0.155 0.491 0.022 0.034
13 0.182 0.508 0.021 0.036
13 0.199 0.515 0.022 0.035
13 0.212 0.524 0.019 0.033
13 0.228 0.529 0.020 0.035
13 0.242 0.536 0.020 0.035
13 0.258 0.541 0.021 0.039
13 0.306 0.562 0.028 0.043
13 0.321 0.570 0.025 0.040
13 0.336 0.578 0.022 0.035
13 0.351 0.581 0.021 0.036
13 0.368 0.587 0.021 0.036
13 0.379 0.602 0.020 0.029
13 0.393 0.607 0.016 0.024
13 0.463 0.610 0.039 0.033
13 0.474 0.627 0.044 0.036
13 0.493 0.639 0.034 0.030
13 0.499 0.659 0.040 0.037
13 0.511 0.674 0.036 0.031
13 0.527 0.687 0.045 0.039
13 0.537 0.702 0.043 0.039
13 0.564 0.731 0.044 0.043
13 0.571 0.752 0.035 0.031
13 0.584 0.766 0.039 0.033
13 0.600 0.778 0.045 0.041
13 0.609 0.795 0.036 0.030
13 0.626 0.807 0.044 0.041
13 0.633 0.826 0.034 0.030
13 0.652 0.836 0.044 0.040
13 0.660 0.854 0.037 0.036
13 0.672 0.871 0.036 0.031
13 0.757 0.789 0.033 0.030
13 0.748 0.780 0.031 0.028
13 0.729 0.757 0.029 0.026
13 0.713 0.733 0.030 0.025
13 0.699 0.724 0.025 0.021
13 0.681 0.701 0.033 0.029
13 0.666 0.675 0.020 0.020
13 0.673 0.689 0.029 0.025
13 0.653 0.667 0.031 0.028
13 0.641 0.656 0.033 0.026
13 0.636 0.643 0.031 0.029
13 0.604 0.609 0.024 0.024
13 0.621 0.634 0.025 0.022
13 0.569 0.501 0.030 0.030
13 0.579 0.513 0.030 0.026
13 0.598 0.536 0.031 0.029
13 0.606 0.550 0.026 0.022
13 0.619 0.559 0.020 0.024
13 0.628 0.571 0.031 0.029
13 0.646 0.593 0.025 0.024
13 0.654 0.604 0.026 0.026
13 0.675 0.627 0.030 0.026
13 0.686 0.637 0.029 0.028
13 0.696 0.647 0.033 0.031
13 0.857 0.688 0.024 0.021
13 0.847 0.678 0.024 0.024
13 0.839 0.670 0.020 0.018
13 0.830 0.658 0.025 0.021
13 0.819 0.652 0.018 0.018
13 0.769 0.591 0.024 0.021
13 0.759 0.581 0.021 0.020
13 0.751 0.572 0.022 0.021
13 0.742 0.562 0.024 0.022
13 0.734 0.553 0.025 0.024
13 0.667 0.432 0.040 0.037
13 0.694 0.446 0.040 0.037
13 0.715 0.466 0.040 0.037
13 0.734 0.491 0.040 0.037
13 0.756 0.517 0.040 0.037
13 0.769 0.540 0.040 0.037
13 0.791 0.556 0.040 0.037
13 0.806 0.578 0.040 0.037
13 0.826 0.595 0.040 0.037
13 0.841 0.615 0.040 0.037
13 0.859 0.626 0.040 0.037
13 0.871 0.645 0.040 0.037
13 0.882 0.661 0.040 0.037
13 0.891 0.698 0.050 0.048
13 0.973 0.598 0.052 0.051
13 0.946 0.598 0.022 0.019
13 0.902 0.557 0.034 0.031
13 0.882 0.534 0.028 0.026
13 0.859 0.512 0.037 0.029
13 0.827 0.477 0.031 0.026
13 0.810 0.451 0.022 0.022
13 0.762 0.404 0.028 0.025
13 0.734 0.374 0.030 0.028
13 0.719 0.354 0.029 0.030
13 0.767 0.346 0.024 0.019
13 0.803 0.383 0.026 0.024
13 0.822 0.403 0.024 0.021
13 0.852 0.433 0.031 0.026
13 0.873 0.456 0.031 0.029
13 0.894 0.480 0.030 0.028
13 0.539 0.172 0.021 0.015
13 0.536 0.189 0.020 0.016
13 0.556 0.202 0.022 0.019
13 0.567 0.187 0.024 0.016
13 0.591 0.202 0.021 0.016
13 0.652 0.237 0.022 0.019
13 0.673 0.250 0.021 0.018
13 0.724 0.365 0.022 0.022
13 0.744 0.384 0.031 0.028
13 0.754 0.336 0.025 0.024
13 0.777 0.351 0.020 0.020
13 0.784 0.367 0.026 0.022
13 0.812 0.394 0.025 0.025
13 0.831 0.414 0.025 0.024
13 0.840 0.424 0.028 0.025
13 0.864 0.443 0.030 0.031
13 0.927 0.515 0.029 0.028
13 0.936 0.527 0.026 0.026
13 0.946 0.540 0.021 0.022
13 0.956 0.548 0.028 0.031
13 0.968 0.561 0.028 0.029
13 0.936 0.590 0.026 0.028
13 0.926 0.579 0.019 0.020
13 0.916 0.566 0.029 0.022
13 0.890 0.548 0.035 0.031
13 0.868 0.524 0.035 0.033
13 0.838 0.488 0.030 0.026
13 0.789 0.432 0.029 0.026
13 0.780 0.425 0.030 0.028
13 0.772 0.413 0.029 0.026
13 0.803 0.631 0.021 0.019
13 0.795 0.620 0.022 0.022
13 0.789 0.610 0.020 0.020
13 0.725 0.542 0.025 0.024
13 0.718 0.533 0.026 0.024
13 0.708 0.523 0.021 0.021
13 0.682 0.495 0.025 0.022
13 0.656 0.466 0.029 0.024
13 0.647 0.458 0.025 0.022
13 0.704 0.659 0.022 0.024
13 0.728 0.682 0.030 0.029
13 0.733 0.694 0.021 0.022
13 0.747 0.705 0.031 0.028
13 0.766 0.728 0.031 0.028
13 0.774 0.738 0.019 0.019
13 0.781 0.751 0.030 0.028
13 0.793 0.762 0.029 0.026
13 0.789 0.788 0.056 0.051
13 0.585 0.588 0.028 0.025
13 0.564 0.566 0.028 0.026
13 0.556 0.553 0.025 0.024
13 0.543 0.544 0.034 0.030
13 0.289 0.557 0.024 0.039
13 0.094 0.463 0.022 0.034
13 0.078 0.454 0.026 0.043
13 0.046 0.444 0.029 0.037
13 0.032 0.433 0.021 0.039