14 0.571 0.282 0.406 0.542
18 0.065 0.458 0.025 0.010
10 0.571 0.311 0.266 0.458
18 0.281 0.481 0.024 0.007
18 0.188 0.505 0.010 0.020
18 0.216 0.477 0.011 0.009
18 0.271 0.465 0.007 0.013
18 0.053 0.378 0.006 0.011
18 0.064 0.378 0.006 0.013
18 0.071 0.405 0.006 0.013
18 0.095 0.365 0.015 0.007
18 0.155 0.467 0.007 0.014
18 0.712 0.637 0.006 0.015
18 0.659 0.557 0.018 0.007
16 0.401 0.816 0.030 0.068
16 0.330 0.794 0.065 0.031
16 0.329 0.836 0.064 0.031
16 0.329 0.881 0.066 0.033
16 0.233 0.891 0.064 0.031
16 0.233 0.930 0.059 0.030
18 0.733 0.709 0.006 0.016
18 0.779 0.759 0.011 0.011
18 0.792 0.759 0.014 0.013
18 0.803 0.757 0.011 0.013
18 0.819 0.744 0.025 0.009
18 0.887 0.770 0.010 0.015
18 0.882 0.786 0.007 0.013
18 0.866 0.840 0.007 0.013
18 0.851 0.886 0.009 0.013