11 0.479 0.497 0.754 0.117
11 0.550 0.284 0.662 0.161
11 0.614 0.068 0.569 0.122
18 0.921 0.343 0.033 0.015
18 0.928 0.237 0.029 0.014
18 0.938 0.114 0.031 0.016
18 0.942 0.080 0.024 0.013
18 0.974 0.051 0.020 0.020
13 0.611 0.459 0.020 0.048
13 0.640 0.466 0.020 0.037
13 0.666 0.466 0.020 0.040
13 0.314 0.526 0.016 0.040
13 0.111 0.533 0.020 0.054
13 0.168 0.532 0.021 0.048
13 0.162 0.471 0.019 0.052
13 0.224 0.526 0.015 0.035
13 0.269 0.525 0.019 0.040
13 0.332 0.334 0.031 0.069
13 0.298 0.324 0.021 0.052
13 0.233 0.329 0.024 0.065
13 0.428 0.326 0.029 0.074
13 0.395 0.320 0.022 0.062
13 0.459 0.321 0.021 0.061
13 0.545 0.318 0.020 0.056
13 0.596 0.311 0.015 0.041
13 0.838 0.306 0.018 0.035
13 0.430 0.246 0.025 0.069
13 0.297 0.244 0.029 0.075
13 0.231 0.249 0.022 0.074
13 0.369 0.247 0.026 0.068
13 0.516 0.249 0.025 0.060
13 0.626 0.253 0.016 0.043
13 0.653 0.253 0.016 0.045
13 0.746 0.259 0.014 0.031
13 0.566 0.104 0.018 0.048
13 0.754 0.091 0.015 0.035
13 0.400 0.104 0.018 0.045
13 0.342 0.098 0.014 0.039
13 0.338 0.526 0.016 0.045
13 0.407 0.525 0.020 0.045
13 0.383 0.521 0.015 0.035
13 0.359 0.522 0.015 0.035
13 0.429 0.522 0.016 0.041
13 0.451 0.522 0.016 0.039
13 0.195 0.534 0.020 0.049
13 0.191 0.477 0.018 0.045
13 0.812 0.476 0.015 0.018
13 0.723 0.307 0.015 0.040
13 0.744 0.307 0.016 0.043
13 0.703 0.256 0.018 0.043
13 0.681 0.255 0.015 0.040
13 0.701 0.311 0.014 0.031
13 0.768 0.306 0.016 0.036
13 0.769 0.258 0.018 0.037
13 0.791 0.258 0.018 0.034
13 0.812 0.260 0.014 0.033
13 0.546 0.249 0.024 0.059
13 0.597 0.254 0.019 0.049
13 0.573 0.254 0.016 0.036
13 0.623 0.312 0.015 0.041
13 0.651 0.308 0.015 0.041
13 0.573 0.320 0.020 0.058
13 0.262 0.244 0.026 0.069
13 0.333 0.244 0.025 0.075
13 0.341 0.036 0.019 0.052
13 0.369 0.035 0.019 0.048
13 0.402 0.037 0.014 0.048
13 0.431 0.037 0.015 0.048
13 0.366 0.099 0.018 0.049
13 0.588 0.094 0.019 0.041
13 0.565 0.036 0.015 0.037
13 0.638 0.087 0.016 0.035
13 0.610 0.034 0.015 0.037
13 0.661 0.088 0.015 0.039
13 0.638 0.034 0.016 0.041
13 0.660 0.041 0.015 0.037
13 0.684 0.041 0.015 0.037
13 0.708 0.037 0.015 0.033
13 0.730 0.036 0.015 0.033
13 0.757 0.039 0.015 0.033
13 0.686 0.090 0.013 0.028
13 0.776 0.089 0.016 0.039
13 0.708 0.092 0.015 0.037
13 0.818 0.092 0.016 0.039
13 0.806 0.041 0.016 0.039
13 0.828 0.045 0.015 0.033
13 0.854 0.043 0.015 0.033
13 0.875 0.049 0.015 0.016
13 0.841 0.087 0.009 0.014
13 0.432 0.079 0.009 0.014
13 0.262 0.323 0.024 0.065
13 0.480 0.298 0.007 0.016
13 0.812 0.459 0.011 0.019
13 0.109 0.474 0.019 0.052
13 0.492 0.297 0.011 0.020