11 0.322 0.206 0.176 0.362
11 0.647 0.483 0.427 0.329
11 0.771 0.896 0.351 0.169
13 0.356 0.161 0.051 0.019
13 0.285 0.221 0.045 0.019
13 0.362 0.212 0.050 0.021
13 0.276 0.279 0.070 0.026
13 0.364 0.269 0.059 0.018
13 0.369 0.303 0.065 0.026
13 0.280 0.309 0.080 0.028
13 0.287 0.363 0.086 0.044
13 0.372 0.339 0.076 0.026
13 0.670 0.405 0.033 0.037
13 0.627 0.430 0.031 0.048
13 0.599 0.439 0.039 0.052
13 0.631 0.530 0.044 0.060
13 0.553 0.466 0.046 0.071
13 0.605 0.541 0.040 0.051
13 0.512 0.503 0.043 0.061
13 0.564 0.579 0.043 0.068
13 0.486 0.514 0.051 0.066
13 0.540 0.599 0.060 0.077
13 0.458 0.542 0.046 0.062
13 0.513 0.612 0.046 0.069
13 0.668 0.859 0.026 0.085
13 0.707 0.854 0.029 0.081
13 0.743 0.860 0.028 0.060
13 0.796 0.864 0.016 0.051
13 0.711 0.953 0.024 0.058
13 0.825 0.369 0.025 0.025
13 0.848 0.912 0.024 0.015