11 0.365 0.659 0.255 0.304
11 0.194 0.826 0.331 0.330
11 0.563 0.718 0.116 0.231
18 0.811 0.970 0.013 0.030
18 0.454 0.854 0.015 0.021
18 0.410 0.876 0.015 0.018
18 0.484 0.846 0.013 0.024
18 0.367 0.917 0.015 0.016
18 0.552 0.877 0.020 0.025
18 0.305 0.996 0.022 0.007
18 0.520 0.852 0.015 0.024
13 0.694 0.689 0.079 0.058
13 0.753 0.715 0.026 0.075
11 0.787 0.769 0.068 0.092
11 0.911 0.764 0.139 0.151
13 0.271 0.968 0.049 0.058
13 0.251 0.944 0.064 0.069
13 0.242 0.917 0.041 0.043
13 0.211 0.904 0.062 0.060
13 0.199 0.886 0.052 0.045
13 0.175 0.865 0.068 0.068
13 0.156 0.848 0.050 0.050
13 0.141 0.823 0.051 0.041
13 0.126 0.688 0.068 0.060
13 0.083 0.774 0.066 0.058
13 0.060 0.743 0.065 0.065
13 0.166 0.734 0.062 0.051
13 0.181 0.760 0.046 0.048
13 0.223 0.791 0.050 0.049
13 0.238 0.816 0.051 0.055
13 0.256 0.834 0.058 0.061
13 0.285 0.873 0.040 0.049
13 0.304 0.885 0.059 0.052
13 0.334 0.896 0.055 0.059
13 0.395 0.780 0.043 0.018
13 0.375 0.764 0.075 0.043
13 0.367 0.741 0.046 0.020
13 0.357 0.722 0.049 0.026
13 0.344 0.703 0.054 0.025
13 0.324 0.681 0.060 0.029
13 0.318 0.652 0.051 0.024
13 0.288 0.600 0.059 0.028
13 0.275 0.571 0.075 0.037
13 0.362 0.536 0.081 0.065
13 0.372 0.578 0.086 0.059
13 0.386 0.625 0.064 0.055
13 0.406 0.646 0.062 0.046
13 0.414 0.669 0.061 0.051
13 0.417 0.694 0.056 0.043
13 0.431 0.717 0.056 0.046
13 0.440 0.738 0.052 0.039
13 0.453 0.759 0.051 0.039
13 0.469 0.777 0.058 0.041
13 0.593 0.613 0.056 0.022
13 0.549 0.627 0.049 0.021
13 0.548 0.652 0.049 0.022
13 0.598 0.672 0.028 0.079
13 0.554 0.677 0.040 0.021
13 0.541 0.701 0.062 0.025
13 0.542 0.726 0.051 0.020
13 0.589 0.760 0.024 0.068
13 0.557 0.769 0.024 0.062
13 0.531 0.815 0.058 0.033
13 0.771 0.781 0.018 0.044
13 0.807 0.771 0.030 0.074
13 0.879 0.708 0.075 0.029
13 0.877 0.772 0.031 0.070
13 0.948 0.744 0.076 0.031
13 0.931 0.770 0.055 0.028
13 0.937 0.799 0.074 0.036
13 0.964 0.874 0.015 0.036
18 0.349 0.939 0.028 0.019
18 0.339 0.955 0.026 0.020
18 0.320 0.974 0.022 0.018
18 0.318 0.989 0.024 0.019
13 0.732 0.923 0.049 0.049