18 0.540 0.026 0.007 0.021
18 0.491 0.041 0.009 0.022
18 0.532 0.404 0.009 0.029
18 0.662 0.362 0.020 0.021
18 0.825 0.406 0.005 0.024
18 0.686 0.449 0.006 0.021
18 0.686 0.425 0.007 0.015
18 0.821 0.458 0.007 0.031
18 0.819 0.506 0.010 0.041
18 0.797 0.505 0.009 0.040
18 0.814 0.571 0.009 0.043
18 0.794 0.552 0.009 0.033
18 0.840 0.645 0.010 0.030
18 0.713 0.644 0.029 0.016
18 0.714 0.618 0.024 0.014
18 0.766 0.626 0.029 0.022
18 0.759 0.650 0.033 0.025
18 0.760 0.674 0.030 0.021
18 0.763 0.693 0.021 0.013
18 0.714 0.700 0.018 0.010
18 0.711 0.679 0.028 0.020
18 0.190 0.583 0.007 0.021
18 0.196 0.468 0.013 0.037
18 0.341 0.440 0.009 0.025
18 0.243 0.377 0.036 0.024
18 0.245 0.365 0.037 0.020
18 0.247 0.351 0.046 0.022
18 0.223 0.327 0.065 0.034
18 0.314 0.289 0.048 0.019
18 0.287 0.389 0.030 0.019
0 0.286 0.522 0.388 0.579
0 0.721 0.525 0.338 0.570