11 0.173 0.443 0.236 0.771
11 0.518 0.443 0.216 0.780
11 0.846 0.441 0.221 0.775
13 0.230 0.083 0.098 0.034
13 0.105 0.122 0.098 0.034
13 0.227 0.170 0.091 0.030
13 0.107 0.302 0.105 0.036
13 0.235 0.706 0.105 0.036
13 0.454 0.166 0.081 0.028
13 0.556 0.082 0.075 0.026
13 0.563 0.251 0.081 0.028
13 0.568 0.550 0.096 0.033
13 0.575 0.681 0.087 0.029
13 0.784 0.252 0.080 0.026
13 0.891 0.204 0.077 0.031
13 0.904 0.247 0.092 0.031
13 0.784 0.374 0.087 0.030
13 0.892 0.378 0.087 0.030
13 0.791 0.509 0.081 0.028
13 0.788 0.719 0.084 0.034
13 0.904 0.768 0.076 0.021