11 0.133 0.324 0.186 0.646
11 0.383 0.307 0.163 0.613
11 0.623 0.307 0.141 0.613
11 0.856 0.321 0.151 0.639
13 0.104 0.039 0.049 0.024
13 0.113 0.064 0.039 0.018
13 0.186 0.087 0.061 0.024
13 0.189 0.119 0.069 0.029
13 0.089 0.166 0.075 0.028
13 0.187 0.152 0.056 0.016
13 0.094 0.204 0.065 0.028
13 0.183 0.189 0.066 0.020
13 0.186 0.221 0.077 0.028
13 0.090 0.241 0.077 0.028
13 0.182 0.253 0.066 0.025
13 0.087 0.279 0.072 0.030
13 0.182 0.283 0.069 0.026
13 0.084 0.316 0.076 0.028
13 0.188 0.315 0.076 0.028
13 0.184 0.352 0.061 0.024
13 0.083 0.428 0.071 0.021
13 0.184 0.449 0.074 0.028
13 0.081 0.458 0.075 0.033
13 0.086 0.502 0.072 0.026
13 0.184 0.484 0.075 0.025
13 0.184 0.514 0.061 0.024
13 0.182 0.546 0.058 0.022
13 0.081 0.537 0.083 0.028
13 0.089 0.578 0.065 0.028
13 0.177 0.580 0.070 0.028
13 0.079 0.619 0.044 0.016
13 0.186 0.627 0.076 0.031
13 0.338 0.589 0.064 0.028
13 0.434 0.583 0.074 0.028
13 0.438 0.548 0.061 0.021
13 0.339 0.546 0.061 0.021
13 0.344 0.471 0.061 0.021
13 0.333 0.432 0.061 0.021
13 0.434 0.359 0.069 0.024
13 0.432 0.432 0.061 0.021
13 0.338 0.393 0.061 0.021
13 0.341 0.354 0.061 0.021
13 0.433 0.321 0.069 0.024
13 0.339 0.321 0.074 0.029
13 0.341 0.285 0.069 0.020
13 0.431 0.249 0.059 0.020
13 0.423 0.280 0.069 0.020
13 0.346 0.251 0.059 0.020
13 0.340 0.208 0.070 0.026
13 0.433 0.175 0.066 0.022
13 0.344 0.172 0.054 0.020
13 0.347 0.139 0.064 0.026
13 0.430 0.098 0.048 0.019
13 0.352 0.098 0.051 0.022
13 0.347 0.059 0.074 0.029
13 0.349 0.022 0.054 0.022
13 0.434 0.024 0.052 0.020
13 0.592 0.037 0.049 0.021
13 0.666 0.008 0.050 0.014
13 0.592 0.008 0.039 0.014
13 0.594 0.092 0.049 0.021
13 0.673 0.119 0.051 0.022
13 0.667 0.091 0.045 0.018
13 0.676 0.147 0.051 0.022
13 0.587 0.175 0.051 0.022
13 0.664 0.230 0.046 0.018
13 0.596 0.229 0.046 0.018
13 0.591 0.256 0.048 0.020
13 0.666 0.258 0.048 0.020
13 0.591 0.282 0.048 0.020
13 0.671 0.286 0.054 0.021
13 0.586 0.311 0.054 0.021
13 0.587 0.338 0.054 0.021
13 0.666 0.342 0.054 0.021
13 0.586 0.367 0.041 0.020
13 0.665 0.366 0.045 0.020
13 0.586 0.394 0.050 0.024
13 0.667 0.394 0.054 0.025
13 0.585 0.424 0.050 0.019
13 0.666 0.424 0.058 0.021
13 0.666 0.449 0.050 0.020
13 0.581 0.481 0.056 0.019
13 0.663 0.477 0.041 0.018
13 0.583 0.505 0.055 0.022
13 0.667 0.508 0.051 0.019
13 0.583 0.536 0.051 0.019
13 0.664 0.530 0.041 0.020
13 0.661 0.562 0.046 0.021
13 0.664 0.588 0.049 0.019
13 0.812 0.589 0.049 0.019
13 0.806 0.566 0.056 0.018
13 0.812 0.537 0.056 0.018
13 0.811 0.514 0.056 0.018
13 0.811 0.435 0.055 0.018
13 0.809 0.410 0.055 0.018
13 0.810 0.385 0.055 0.018
13 0.812 0.361 0.050 0.016
13 0.814 0.335 0.055 0.020
13 0.813 0.309 0.051 0.019
13 0.813 0.261 0.056 0.019
13 0.814 0.234 0.056 0.019
13 0.812 0.211 0.056 0.019
13 0.817 0.184 0.056 0.019
13 0.817 0.084 0.056 0.019
13 0.812 0.133 0.056 0.019
13 0.820 0.063 0.045 0.019
13 0.817 0.037 0.054 0.020
13 0.905 0.062 0.052 0.025
13 0.907 0.235 0.061 0.025
13 0.902 0.264 0.061 0.025
13 0.901 0.291 0.068 0.026
13 0.901 0.324 0.059 0.020
13 0.897 0.350 0.062 0.025
13 0.897 0.381 0.061 0.021
13 0.898 0.408 0.061 0.021
13 0.891 0.438 0.055 0.021
13 0.890 0.466 0.055 0.021
13 0.895 0.497 0.058 0.024
13 0.900 0.524 0.058 0.024
13 0.898 0.589 0.064 0.021
13 0.896 0.628 0.044 0.021