17 0.477 0.468 0.184 0.584
18 0.681 0.089 0.007 0.020
18 0.669 0.117 0.005 0.015
18 0.609 0.163 0.011 0.011
18 0.616 0.194 0.010 0.013
18 0.678 0.219 0.006 0.016
18 0.680 0.237 0.007 0.016
18 0.684 0.253 0.006 0.016
18 0.666 0.251 0.009 0.015
18 0.626 0.249 0.016 0.011
18 0.634 0.233 0.011 0.009
18 0.647 0.147 0.016 0.009
18 0.651 0.154 0.011 0.006
18 0.768 0.509 0.006 0.014
18 0.747 0.551 0.006 0.018
18 0.776 0.583 0.006 0.015
18 0.778 0.599 0.006 0.015
18 0.755 0.618 0.010 0.018
18 0.794 0.770 0.005 0.018
18 0.802 0.822 0.006 0.016
18 0.784 0.831 0.005 0.019
18 0.782 0.858 0.006 0.014
18 0.785 0.906 0.005 0.018
18 0.779 0.917 0.005 0.019
18 0.784 0.948 0.006 0.018
18 0.781 0.984 0.006 0.014