11 0.442 0.886 0.259 0.147
11 0.713 0.526 0.204 0.351
13 0.873 0.715 0.010 0.018
13 0.430 0.173 0.050 0.036
11 0.432 0.491 0.391 0.464
11 0.241 0.589 0.344 0.491
18 0.362 0.069 0.013 0.020
18 0.401 0.048 0.014 0.018
18 0.432 0.025 0.014 0.018
18 0.453 0.012 0.015 0.016
18 0.705 0.157 0.070 0.121
11 0.534 0.219 0.138 0.190
13 0.112 0.376 0.084 0.061
13 0.118 0.439 0.039 0.028
13 0.170 0.483 0.070 0.041
13 0.345 0.754 0.080 0.061
13 0.774 0.650 0.075 0.107
18 0.158 0.818 0.022 0.034
13 0.306 0.695 0.079 0.055
13 0.283 0.666 0.074 0.051
13 0.491 0.654 0.045 0.030
13 0.482 0.631 0.052 0.033
13 0.464 0.612 0.052 0.034
13 0.439 0.567 0.052 0.034
13 0.593 0.645 0.069 0.050
13 0.551 0.597 0.059 0.039
13 0.539 0.564 0.069 0.050
13 0.522 0.540 0.061 0.045
13 0.505 0.508 0.062 0.049
13 0.486 0.483 0.051 0.041
13 0.401 0.502 0.051 0.035
13 0.388 0.484 0.043 0.030
13 0.373 0.461 0.044 0.029
13 0.361 0.439 0.050 0.035
13 0.350 0.418 0.043 0.029
13 0.333 0.398 0.045 0.033
13 0.321 0.377 0.049 0.039
13 0.304 0.355 0.051 0.035
13 0.279 0.311 0.050 0.040
13 0.261 0.282 0.054 0.039
13 0.335 0.290 0.040 0.055
13 0.388 0.372 0.043 0.051
13 0.643 0.409 0.069 0.095
13 0.736 0.513 0.025 0.039
13 0.776 0.586 0.021 0.028
13 0.497 0.886 0.145 0.096