14 0.375 0.643 0.370 0.559
16 0.743 0.263 0.036 0.072
16 0.848 0.093 0.034 0.071
16 0.897 0.092 0.033 0.070
16 0.874 0.202 0.048 0.101
18 0.825 0.716 0.007 0.015
18 0.900 0.644 0.013 0.007
18 0.916 0.644 0.010 0.006
18 0.933 0.646 0.011 0.007
18 0.952 0.648 0.011 0.006
18 0.979 0.652 0.011 0.006
18 0.821 0.635 0.015 0.007
18 0.843 0.644 0.013 0.006
18 0.849 0.659 0.013 0.006
18 0.831 0.682 0.006 0.014
18 0.877 0.677 0.006 0.014
18 0.741 0.711 0.006 0.013
18 0.853 0.751 0.007 0.014
18 0.828 0.804 0.007 0.014
18 0.821 0.761 0.006 0.014
18 0.814 0.746 0.006 0.011
18 0.811 0.713 0.006 0.013