11 0.603 0.163 0.590 0.236
11 0.551 0.488 0.699 0.221
11 0.259 0.847 0.333 0.261
13 0.225 0.473 0.045 0.104
13 0.193 0.776 0.050 0.122
13 0.191 0.909 0.031 0.102
13 0.128 0.844 0.071 0.115
13 0.323 0.785 0.034 0.080
13 0.281 0.911 0.037 0.117
13 0.369 0.915 0.037 0.117
13 0.371 0.780 0.037 0.117
13 0.387 0.552 0.036 0.094
13 0.271 0.549 0.036 0.091
13 0.268 0.427 0.034 0.090
13 0.348 0.440 0.034 0.090
13 0.387 0.434 0.026 0.074
13 0.424 0.436 0.030 0.095
13 0.535 0.444 0.030 0.085
13 0.573 0.438 0.030 0.085
13 0.612 0.436 0.026 0.090
13 0.649 0.441 0.026 0.090
13 0.689 0.434 0.031 0.081
13 0.839 0.436 0.031 0.081
13 0.870 0.236 0.025 0.064
13 0.839 0.237 0.025 0.064
13 0.707 0.227 0.029 0.094
13 0.589 0.225 0.033 0.098
13 0.417 0.223 0.033 0.098
13 0.336 0.177 0.037 0.163
13 0.382 0.112 0.034 0.096
13 0.423 0.098 0.036 0.111
13 0.671 0.110 0.035 0.087
13 0.708 0.107 0.031 0.094
13 0.792 0.104 0.035 0.092
13 0.837 0.094 0.036 0.091
13 0.873 0.107 0.021 0.062