11 0.627 0.578 0.440 0.100
11 0.613 0.761 0.390 0.139
11 0.483 0.176 0.964 0.349
13 0.703 0.552 0.086 0.040
13 0.799 0.547 0.094 0.034
13 0.749 0.603 0.165 0.056
13 0.752 0.723 0.091 0.036
13 0.119 0.114 0.024 0.065
13 0.156 0.111 0.031 0.083
13 0.195 0.113 0.025 0.065
13 0.241 0.104 0.029 0.111
13 0.283 0.118 0.031 0.086
13 0.328 0.133 0.026 0.052
13 0.366 0.119 0.024 0.099
13 0.410 0.114 0.028 0.102
13 0.450 0.106 0.022 0.052
13 0.502 0.128 0.028 0.089
13 0.595 0.144 0.033 0.095
13 0.637 0.142 0.033 0.099
13 0.686 0.138 0.034 0.101
13 0.731 0.146 0.030 0.091
13 0.776 0.142 0.033 0.100
13 0.818 0.147 0.026 0.090
13 0.856 0.149 0.030 0.085
13 0.906 0.134 0.036 0.111
13 0.532 0.249 0.020 0.062
13 0.607 0.268 0.011 0.021
13 0.691 0.274 0.028 0.092
13 0.732 0.271 0.034 0.090
13 0.779 0.285 0.034 0.122
13 0.872 0.274 0.036 0.107