11 0.709 0.151 0.383 0.087
11 0.643 0.358 0.151 0.036
11 0.565 0.520 0.333 0.130
11 0.570 0.789 0.603 0.307
18 0.144 0.010 0.026 0.010
18 0.113 0.154 0.029 0.010
18 0.195 0.188 0.030 0.011
18 0.020 0.099 0.013 0.021
18 0.051 0.102 0.010 0.021
18 0.064 0.104 0.013 0.025
18 0.142 0.056 0.028 0.010
18 0.052 0.338 0.029 0.011
18 0.105 0.326 0.030 0.010
18 0.037 0.593 0.015 0.021
18 0.007 0.701 0.011 0.018
18 0.007 0.627 0.013 0.011
18 0.124 0.853 0.015 0.030
13 0.074 0.574 0.041 0.111
13 0.342 0.663 0.076 0.024
13 0.193 0.777 0.111 0.031
13 0.186 0.842 0.116 0.031
13 0.309 0.853 0.031 0.081
13 0.348 0.852 0.024 0.074
13 0.421 0.862 0.033 0.096
13 0.379 0.846 0.028 0.064
13 0.460 0.871 0.033 0.110
13 0.534 0.866 0.030 0.101
13 0.571 0.872 0.031 0.111
13 0.609 0.877 0.035 0.121
13 0.646 0.881 0.030 0.115
13 0.682 0.874 0.031 0.114
13 0.719 0.880 0.035 0.122
13 0.761 0.880 0.036 0.125
13 0.801 0.866 0.031 0.100
13 0.852 0.849 0.034 0.122
13 0.369 0.723 0.094 0.031
13 0.368 0.774 0.096 0.034
13 0.574 0.774 0.147 0.040
13 0.476 0.782 0.054 0.021
13 0.731 0.775 0.158 0.040
13 0.651 0.497 0.026 0.072
13 0.626 0.129 0.085 0.026
13 0.741 0.124 0.081 0.021
13 0.849 0.176 0.100 0.033