11 0.082 0.812 0.104 0.364
11 0.297 0.502 0.310 0.931
11 0.583 0.586 0.246 0.745
11 0.865 0.642 0.145 0.655
13 0.245 0.054 0.130 0.041
13 0.247 0.111 0.098 0.029
13 0.250 0.164 0.098 0.029
13 0.253 0.206 0.098 0.029
13 0.253 0.251 0.089 0.030
13 0.259 0.294 0.101 0.030
13 0.267 0.339 0.101 0.030
13 0.259 0.381 0.086 0.029
13 0.267 0.466 0.086 0.029
13 0.266 0.515 0.079 0.025
13 0.264 0.553 0.080 0.026
13 0.273 0.604 0.075 0.030
13 0.166 0.144 0.039 0.107
13 0.173 0.279 0.034 0.119
13 0.178 0.403 0.031 0.101
13 0.190 0.507 0.028 0.094
13 0.091 0.715 0.051 0.135
13 0.063 0.814 0.026 0.058
13 0.076 0.928 0.044 0.114
13 0.318 0.927 0.046 0.081
13 0.292 0.780 0.080 0.033
13 0.404 0.944 0.080 0.033
13 0.507 0.258 0.090 0.051
13 0.514 0.310 0.076 0.035
13 0.642 0.244 0.124 0.037
13 0.632 0.294 0.102 0.036
13 0.631 0.339 0.096 0.034
13 0.519 0.357 0.096 0.034
13 0.519 0.400 0.090 0.028
13 0.637 0.383 0.096 0.035
13 0.517 0.444 0.081 0.033
13 0.637 0.424 0.099 0.034
13 0.522 0.489 0.085 0.033
13 0.626 0.476 0.070 0.031
13 0.524 0.527 0.087 0.035
13 0.627 0.512 0.084 0.031
13 0.527 0.574 0.091 0.036
13 0.633 0.553 0.081 0.031
13 0.637 0.598 0.072 0.026
13 0.529 0.616 0.087 0.030
13 0.535 0.662 0.087 0.030
13 0.629 0.677 0.061 0.025
13 0.538 0.703 0.071 0.029
13 0.542 0.738 0.080 0.029
13 0.637 0.755 0.076 0.030
13 0.545 0.776 0.062 0.024
13 0.639 0.788 0.068 0.029
13 0.547 0.812 0.071 0.033
13 0.644 0.826 0.068 0.026
13 0.550 0.854 0.068 0.026
13 0.639 0.863 0.068 0.026
13 0.644 0.902 0.052 0.021
13 0.651 0.941 0.058 0.022
13 0.854 0.394 0.046 0.151
13 0.913 0.380 0.046 0.130
13 0.906 0.689 0.031 0.102
13 0.854 0.591 0.037 0.135
13 0.840 0.688 0.065 0.029
13 0.840 0.727 0.065 0.029
13 0.829 0.938 0.065 0.029
13 0.894 0.866 0.020 0.037
13 0.275 0.686 0.080 0.029
13 0.293 0.731 0.114 0.043