11 0.598 0.594 0.134 0.720
11 0.343 0.783 0.198 0.226
11 0.407 0.425 0.079 0.333
18 0.028 0.651 0.037 0.019
18 0.026 0.759 0.048 0.020
18 0.165 0.571 0.040 0.022
13 0.373 0.344 0.011 0.028
13 0.379 0.496 0.020 0.056
13 0.393 0.688 0.049 0.018
13 0.399 0.714 0.061 0.019
13 0.400 0.744 0.062 0.020
13 0.408 0.770 0.074 0.028
13 0.400 0.800 0.048 0.022
13 0.400 0.829 0.037 0.015
13 0.403 0.856 0.043 0.024
13 0.398 0.887 0.055 0.021
13 0.256 0.796 0.052 0.026
13 0.581 0.246 0.079 0.026
13 0.553 0.278 0.049 0.022
13 0.612 0.276 0.056 0.025
13 0.613 0.304 0.065 0.024
13 0.612 0.331 0.054 0.022
13 0.618 0.362 0.060 0.022
13 0.554 0.381 0.049 0.022
13 0.609 0.469 0.049 0.022
13 0.611 0.445 0.049 0.022
13 0.612 0.417 0.054 0.024
13 0.623 0.389 0.052 0.022
13 0.557 0.539 0.049 0.022
13 0.558 0.511 0.049 0.022
13 0.558 0.484 0.049 0.022
13 0.558 0.458 0.049 0.022
13 0.557 0.432 0.049 0.022
13 0.556 0.407 0.049 0.022
13 0.564 0.746 0.044 0.019
13 0.566 0.876 0.049 0.022
13 0.562 0.690 0.049 0.022
13 0.563 0.662 0.049 0.022
13 0.618 0.652 0.049 0.022
13 0.561 0.636 0.049 0.022
13 0.621 0.626 0.055 0.022
13 0.616 0.596 0.049 0.026
13 0.619 0.562 0.058 0.028
13 0.619 0.532 0.062 0.025
13 0.613 0.504 0.049 0.022
13 0.564 0.806 0.054 0.024
13 0.566 0.777 0.044 0.021
13 0.624 0.907 0.052 0.022
13 0.595 0.940 0.072 0.028
13 0.561 0.911 0.049 0.022
13 0.621 0.796 0.058 0.025
13 0.629 0.853 0.049 0.022
13 0.628 0.824 0.059 0.024
13 0.619 0.881 0.049 0.022
13 0.632 0.684 0.062 0.025
13 0.625 0.738 0.065 0.024
13 0.636 0.713 0.061 0.022
13 0.636 0.769 0.062 0.025
13 0.560 0.720 0.050 0.020
13 0.554 0.306 0.045 0.021
13 0.401 0.268 0.052 0.021
13 0.408 0.292 0.049 0.020
13 0.408 0.316 0.044 0.020
13 0.408 0.363 0.039 0.021
13 0.416 0.386 0.056 0.022
13 0.413 0.410 0.044 0.020
13 0.419 0.433 0.052 0.021
13 0.417 0.457 0.055 0.024
13 0.418 0.480 0.051 0.020
13 0.418 0.503 0.041 0.016
13 0.419 0.553 0.043 0.021
11 0.147 0.199 0.166 0.045
11 0.165 0.061 0.160 0.061