11 0.155 0.355 0.230 0.297
11 0.336 0.454 0.204 0.264
11 0.512 0.544 0.198 0.241
11 0.684 0.634 0.209 0.266
11 0.884 0.738 0.194 0.284
13 0.189 0.223 0.051 0.034
13 0.185 0.244 0.037 0.028
13 0.174 0.259 0.022 0.016
13 0.162 0.282 0.036 0.026
13 0.149 0.304 0.041 0.026
13 0.126 0.344 0.046 0.039
13 0.137 0.328 0.036 0.022
13 0.113 0.366 0.046 0.035
13 0.102 0.387 0.044 0.034
13 0.243 0.264 0.054 0.040
13 0.221 0.310 0.056 0.035
13 0.193 0.362 0.056 0.043
13 0.164 0.409 0.059 0.041
13 0.091 0.411 0.043 0.033
13 0.150 0.437 0.050 0.034
13 0.333 0.400 0.046 0.033
13 0.304 0.453 0.051 0.030
13 0.280 0.497 0.055 0.040
13 0.404 0.419 0.051 0.036
13 0.374 0.466 0.056 0.034
13 0.353 0.509 0.041 0.030
13 0.336 0.536 0.043 0.028
13 0.329 0.557 0.046 0.036
13 0.518 0.477 0.044 0.031
13 0.499 0.517 0.051 0.034
13 0.465 0.583 0.043 0.026
13 0.444 0.610 0.049 0.025
13 0.584 0.475 0.039 0.030
13 0.565 0.516 0.033 0.025
13 0.551 0.539 0.040 0.022
13 0.544 0.557 0.041 0.022
13 0.536 0.577 0.036 0.024
13 0.522 0.597 0.033 0.026
13 0.515 0.618 0.045 0.026
13 0.497 0.636 0.037 0.025
13 0.271 0.561 0.072 0.050
13 0.679 0.556 0.046 0.040
13 0.764 0.547 0.065 0.040
13 0.647 0.621 0.039 0.024
13 0.710 0.646 0.060 0.041
13 0.688 0.697 0.062 0.041
13 0.672 0.719 0.064 0.043
13 0.654 0.746 0.055 0.041
13 0.631 0.648 0.031 0.021
13 0.883 0.685 0.061 0.045
13 0.855 0.739 0.052 0.030
13 0.962 0.675 0.036 0.033
13 0.843 0.761 0.054 0.036
13 0.827 0.788 0.056 0.039
13 0.934 0.774 0.068 0.045
13 0.899 0.829 0.061 0.045
13 0.854 0.845 0.098 0.068
13 0.949 0.721 0.041 0.026
13 0.951 0.696 0.031 0.021
13 0.133 0.464 0.048 0.034
13 0.095 0.474 0.100 0.061
13 0.623 0.664 0.040 0.029