18 0.188 0.654 0.020 0.009
18 0.386 0.578 0.046 0.014
18 0.350 0.444 0.045 0.010
18 0.390 0.451 0.045 0.013
18 0.559 0.475 0.041 0.010
18 0.597 0.324 0.029 0.033
18 0.398 0.748 0.043 0.013
18 0.487 0.716 0.034 0.011
18 0.556 0.688 0.044 0.013
18 0.721 0.741 0.015 0.014
18 0.444 0.769 0.044 0.011
18 0.520 0.761 0.040 0.010
18 0.531 0.779 0.043 0.013
18 0.431 0.792 0.044 0.011
18 0.475 0.789 0.045 0.010
18 0.468 0.809 0.045 0.014
18 0.507 0.824 0.022 0.007
18 0.589 0.799 0.035 0.010
18 0.639 0.794 0.034 0.009
0 0.438 0.431 0.801 0.384
0 0.585 0.782 0.568 0.280