0 0.426 0.541 0.731 0.601
0 0.574 0.349 0.752 0.645
18 0.231 0.446 0.039 0.036
18 0.230 0.504 0.037 0.035
18 0.334 0.520 0.052 0.040
18 0.318 0.536 0.048 0.037
18 0.419 0.564 0.043 0.036
18 0.436 0.557 0.025 0.024
18 0.352 0.613 0.031 0.026
18 0.444 0.666 0.043 0.033
18 0.471 0.654 0.039 0.033
18 0.478 0.645 0.039 0.030
18 0.486 0.599 0.024 0.021
18 0.828 0.686 0.033 0.024
18 0.612 0.338 0.031 0.024
18 0.656 0.354 0.021 0.021
18 0.691 0.370 0.037 0.037
18 0.761 0.419 0.039 0.036
18 0.780 0.546 0.037 0.033
18 0.651 0.432 0.046 0.035
18 0.444 0.318 0.036 0.028
18 0.524 0.473 0.026 0.019
18 0.289 0.189 0.040 0.031
18 0.347 0.200 0.044 0.022
18 0.308 0.349 0.039 0.033