11 0.603 0.231 0.179 0.460
11 0.826 0.483 0.240 0.946
11 0.981 0.116 0.037 0.229
13 0.541 0.335 0.024 0.070
13 0.541 0.407 0.018 0.046
13 0.584 0.418 0.043 0.021
13 0.575 0.321 0.020 0.052
13 0.578 0.249 0.018 0.062
13 0.636 0.292 0.020 0.052
13 0.662 0.287 0.018 0.062
13 0.658 0.226 0.039 0.014
13 0.662 0.144 0.039 0.014
13 0.656 0.182 0.039 0.014
13 0.659 0.124 0.044 0.016
13 0.664 0.101 0.044 0.016
13 0.664 0.076 0.036 0.015
13 0.669 0.028 0.041 0.018
13 0.771 0.033 0.089 0.028
13 0.895 0.036 0.095 0.028
13 0.791 0.060 0.058 0.020
13 0.876 0.071 0.058 0.020
13 0.877 0.099 0.050 0.019
13 0.791 0.086 0.050 0.019
13 0.787 0.108 0.051 0.016
13 0.789 0.131 0.051 0.016
13 0.876 0.124 0.051 0.016
13 0.793 0.173 0.049 0.014
13 0.784 0.148 0.051 0.016
13 0.872 0.149 0.051 0.016
13 0.872 0.174 0.051 0.016
13 0.877 0.199 0.056 0.024
13 0.790 0.196 0.052 0.021
13 0.792 0.218 0.049 0.016
13 0.786 0.241 0.055 0.015
13 0.869 0.250 0.060 0.018
13 0.871 0.224 0.058 0.019
13 0.792 0.267 0.058 0.019
13 0.792 0.292 0.058 0.019
13 0.870 0.309 0.058 0.019
13 0.870 0.274 0.058 0.019
13 0.796 0.318 0.058 0.019
13 0.790 0.344 0.068 0.019
13 0.869 0.338 0.056 0.021
13 0.872 0.368 0.056 0.021
13 0.873 0.399 0.062 0.024
13 0.786 0.401 0.076 0.028
13 0.792 0.431 0.055 0.021
13 0.877 0.429 0.069 0.022
13 0.877 0.460 0.069 0.022
13 0.791 0.493 0.071 0.031
13 0.877 0.494 0.071 0.031
13 0.882 0.527 0.068 0.025
13 0.781 0.526 0.072 0.028
13 0.784 0.554 0.075 0.029
13 0.880 0.558 0.075 0.029
13 0.782 0.585 0.084 0.028
13 0.873 0.592 0.072 0.026
13 0.779 0.616 0.092 0.026
13 0.881 0.626 0.072 0.026
13 0.789 0.651 0.072 0.026
13 0.874 0.657 0.069 0.024
13 0.789 0.687 0.068 0.041
13 0.874 0.693 0.065 0.029
13 0.721 0.756 0.033 0.079
13 0.904 0.724 0.054 0.021
13 0.903 0.749 0.054 0.021
13 0.903 0.783 0.054 0.021
13 0.902 0.807 0.054 0.021
13 0.902 0.838 0.054 0.021
13 0.892 0.869 0.054 0.021
13 0.838 0.909 0.025 0.091
13 0.868 0.926 0.019 0.051
13 0.891 0.928 0.019 0.051
13 0.920 0.927 0.022 0.060
13 0.981 0.056 0.031 0.069
13 0.983 0.127 0.026 0.066
13 0.984 0.202 0.022 0.046
13 0.579 0.450 0.059 0.020