16 0.241 0.452 0.119 0.181
16 0.339 0.478 0.119 0.181
16 0.437 0.504 0.119 0.181
16 0.536 0.531 0.119 0.181
16 0.634 0.557 0.119 0.181
16 0.731 0.583 0.119 0.181
18 0.956 0.079 0.020 0.034
18 0.938 0.167 0.020 0.034
18 0.927 0.214 0.019 0.039
18 0.964 0.278 0.048 0.024
18 0.654 0.843 0.019 0.036
18 0.645 0.886 0.018 0.036
18 0.682 0.896 0.019 0.033
18 0.565 0.962 0.018 0.036
18 0.526 0.960 0.021 0.035
18 0.297 0.936 0.016 0.031
18 0.049 0.871 0.020 0.033
18 0.046 0.968 0.015 0.033
18 0.974 0.715 0.035 0.018
18 0.973 0.754 0.035 0.018