13 0.565 0.873 0.010 0.033
13 0.181 0.936 0.044 0.018
13 0.133 0.934 0.030 0.011
13 0.046 0.997 0.062 0.006
18 0.721 0.935 0.021 0.007
18 0.976 0.950 0.006 0.015
18 0.729 0.798 0.037 0.006
18 0.814 0.774 0.021 0.005
18 0.747 0.631 0.014 0.015
18 0.772 0.266 0.011 0.014
18 0.235 0.186 0.020 0.007
18 0.163 0.187 0.020 0.006
18 0.113 0.175 0.016 0.005
18 0.238 0.149 0.021 0.005
18 0.237 0.094 0.013 0.006
18 0.171 0.018 0.006 0.015
18 0.160 0.017 0.010 0.014
18 0.180 0.017 0.005 0.011
18 0.198 0.154 0.009 0.016
18 0.187 0.156 0.006 0.018
18 0.152 0.155 0.006 0.015
18 0.131 0.154 0.009 0.019
18 0.111 0.154 0.006 0.018
18 0.176 0.110 0.006 0.015
18 0.166 0.107 0.006 0.015
18 0.142 0.111 0.007 0.019
18 0.119 0.113 0.006 0.014
18 0.098 0.111 0.007 0.018
18 0.176 0.087 0.006 0.018
18 0.144 0.084 0.007 0.016
18 0.112 0.039 0.006 0.014
18 0.134 0.040 0.007 0.018
18 0.179 0.038 0.007 0.019
6 0.426 0.314 0.440 0.083