11 0.718 0.606 0.356 0.522
11 0.344 0.828 0.637 0.266
13 0.749 0.449 0.100 0.189
13 0.835 0.576 0.117 0.056
13 0.654 0.581 0.131 0.077
13 0.616 0.623 0.124 0.092
13 0.641 0.686 0.087 0.052
13 0.629 0.789 0.036 0.092
13 0.589 0.794 0.036 0.106
13 0.528 0.792 0.036 0.106
13 0.484 0.781 0.045 0.114
13 0.429 0.776 0.048 0.126
13 0.374 0.796 0.043 0.124
13 0.302 0.781 0.043 0.124
13 0.239 0.801 0.058 0.150
13 0.181 0.809 0.041 0.151
13 0.120 0.808 0.045 0.166
13 0.063 0.800 0.059 0.177
13 0.103 0.937 0.099 0.034
13 0.771 0.894 0.045 0.029