11 0.537 0.260 0.496 0.485
11 0.510 0.678 0.960 0.614
13 0.237 0.637 0.094 0.070
13 0.151 0.694 0.071 0.050
13 0.042 0.820 0.066 0.052
13 0.087 0.752 0.041 0.051
13 0.482 0.430 0.060 0.045
13 0.497 0.471 0.072 0.052
13 0.066 0.907 0.050 0.065
13 0.117 0.882 0.044 0.065
13 0.146 0.865 0.044 0.065
13 0.195 0.842 0.033 0.051
13 0.216 0.823 0.036 0.055
13 0.241 0.800 0.041 0.060
13 0.296 0.784 0.041 0.060
13 0.364 0.733 0.036 0.056
13 0.384 0.710 0.056 0.070
13 0.460 0.671 0.035 0.060
13 0.511 0.697 0.050 0.079
13 0.486 0.761 0.040 0.064
13 0.455 0.775 0.030 0.048
13 0.554 0.755 0.075 0.052
13 0.333 0.849 0.034 0.046
13 0.309 0.863 0.034 0.046
13 0.286 0.878 0.043 0.061
13 0.184 0.934 0.033 0.044
13 0.620 0.616 0.065 0.092
13 0.657 0.608 0.051 0.074
13 0.699 0.578 0.051 0.074
13 0.729 0.557 0.059 0.086
13 0.773 0.541 0.044 0.066
13 0.801 0.512 0.054 0.071
13 0.846 0.488 0.039 0.054
13 0.878 0.467 0.046 0.079
13 0.907 0.433 0.066 0.099
13 0.952 0.425 0.066 0.102
13 0.931 0.524 0.089 0.058
13 0.849 0.578 0.068 0.058