11 0.089 0.554 0.056 0.729
11 0.179 0.834 0.049 0.161
11 0.177 0.963 0.159 0.026
11 0.307 0.491 0.131 0.642
11 0.501 0.487 0.116 0.659
11 0.664 0.484 0.111 0.662
11 0.772 0.441 0.062 0.714
11 0.631 0.046 0.102 0.085
11 0.551 0.038 0.015 0.059
11 0.151 0.019 0.014 0.035
18 0.887 0.954 0.018 0.009
13 0.075 0.222 0.025 0.056
13 0.070 0.362 0.028 0.074
13 0.107 0.605 0.022 0.065
13 0.083 0.774 0.018 0.054
13 0.110 0.779 0.020 0.062
13 0.083 0.855 0.025 0.055
13 0.166 0.789 0.021 0.036
13 0.187 0.770 0.021 0.037
13 0.162 0.843 0.024 0.051
13 0.188 0.817 0.025 0.054
13 0.191 0.878 0.030 0.074
13 0.166 0.893 0.028 0.044
13 0.291 0.774 0.058 0.014
13 0.278 0.178 0.068 0.021
13 0.353 0.181 0.064 0.031
13 0.467 0.166 0.039 0.024
13 0.524 0.168 0.046 0.024
13 0.629 0.166 0.035 0.016
13 0.675 0.161 0.045 0.026