11 0.434 0.717 0.204 0.544
11 0.857 0.677 0.229 0.583
13 0.464 0.458 0.055 0.022
13 0.446 0.481 0.055 0.022
13 0.444 0.504 0.055 0.022
13 0.434 0.546 0.058 0.025
13 0.512 0.472 0.039 0.019
13 0.510 0.495 0.048 0.028
13 0.512 0.516 0.052 0.019
13 0.501 0.539 0.048 0.028
13 0.494 0.585 0.048 0.028
13 0.438 0.575 0.048 0.028
13 0.487 0.627 0.056 0.024
13 0.481 0.649 0.043 0.020
13 0.477 0.676 0.058 0.028
13 0.429 0.593 0.048 0.022
13 0.422 0.616 0.048 0.022
13 0.422 0.639 0.048 0.022
13 0.413 0.664 0.054 0.025
13 0.410 0.708 0.045 0.021
13 0.469 0.722 0.052 0.029
13 0.458 0.786 0.048 0.020
13 0.392 0.802 0.051 0.029
13 0.448 0.855 0.048 0.020
13 0.442 0.878 0.051 0.021
13 0.363 0.910 0.059 0.030
13 0.375 0.867 0.058 0.029
13 0.430 0.922 0.045 0.028
13 0.426 0.948 0.031 0.019
13 0.858 0.401 0.060 0.028
13 0.859 0.431 0.065 0.028
13 0.853 0.460 0.065 0.028
13 0.843 0.486 0.064 0.035
13 0.838 0.519 0.060 0.024
13 0.826 0.544 0.070 0.037
13 0.828 0.576 0.061 0.025
13 0.939 0.416 0.060 0.030
13 0.929 0.444 0.065 0.024
13 0.929 0.475 0.049 0.028
13 0.922 0.499 0.056 0.025
13 0.919 0.535 0.055 0.028
13 0.905 0.584 0.060 0.034
13 0.904 0.614 0.069 0.031
13 0.823 0.603 0.061 0.029
13 0.818 0.633 0.065 0.026
13 0.891 0.646 0.054 0.024
13 0.815 0.660 0.058 0.030
13 0.804 0.715 0.060 0.025
13 0.800 0.746 0.058 0.030
13 0.870 0.755 0.060 0.028
13 0.796 0.773 0.056 0.026
13 0.863 0.783 0.056 0.026
13 0.787 0.804 0.046 0.025
13 0.774 0.861 0.059 0.026
13 0.851 0.872 0.071 0.044