11 0.265 0.581 0.343 0.289
11 0.367 0.399 0.326 0.247
13 0.476 0.312 0.048 0.041
11 0.675 0.414 0.275 0.236
11 0.757 0.308 0.333 0.224
11 0.151 0.198 0.089 0.139
13 0.430 0.914 0.048 0.035
18 0.812 0.184 0.024 0.033
18 0.854 0.205 0.034 0.033
18 0.569 0.166 0.036 0.037
18 0.432 0.149 0.031 0.039
18 0.499 0.201 0.026 0.037
18 0.521 0.214 0.028 0.040
18 0.776 0.164 0.029 0.041
18 0.797 0.128 0.024 0.031
18 0.734 0.139 0.022 0.035
18 0.758 0.101 0.031 0.036
18 0.804 0.044 0.049 0.044
18 0.541 0.231 0.028 0.039
18 0.778 0.113 0.036 0.044
18 0.751 0.154 0.029 0.035
18 0.754 0.036 0.045 0.039
13 0.114 0.534 0.049 0.075
13 0.143 0.555 0.049 0.062
13 0.164 0.579 0.054 0.076
13 0.199 0.585 0.041 0.060
13 0.228 0.609 0.051 0.072
13 0.261 0.620 0.049 0.055
13 0.287 0.644 0.045 0.065
13 0.320 0.654 0.045 0.055
13 0.347 0.673 0.046 0.059
13 0.372 0.694 0.044 0.062
13 0.158 0.460 0.040 0.052
13 0.182 0.475 0.037 0.050
13 0.214 0.494 0.044 0.055
13 0.274 0.526 0.040 0.056
13 0.308 0.542 0.044 0.056
13 0.334 0.563 0.036 0.051
13 0.356 0.585 0.037 0.043
13 0.394 0.600 0.040 0.058
13 0.417 0.616 0.040 0.058
13 0.121 0.237 0.028 0.051
13 0.219 0.319 0.040 0.065
13 0.263 0.294 0.036 0.048
13 0.232 0.347 0.039 0.044
13 0.251 0.362 0.039 0.046
13 0.284 0.309 0.034 0.044
13 0.306 0.322 0.036 0.046
13 0.326 0.331 0.037 0.046
13 0.273 0.375 0.036 0.055
13 0.293 0.387 0.044 0.054
13 0.319 0.398 0.037 0.045
13 0.348 0.346 0.036 0.045
13 0.373 0.355 0.039 0.045
13 0.334 0.417 0.039 0.055
13 0.405 0.376 0.037 0.046
13 0.446 0.404 0.033 0.045
13 0.364 0.436 0.041 0.055
13 0.391 0.443 0.039 0.046
13 0.412 0.459 0.039 0.052
13 0.434 0.469 0.044 0.049
13 0.456 0.486 0.037 0.054
13 0.477 0.495 0.041 0.052
13 0.511 0.497 0.041 0.056
13 0.468 0.416 0.040 0.045
13 0.562 0.362 0.050 0.039
13 0.599 0.402 0.037 0.044
13 0.619 0.421 0.040 0.054
13 0.645 0.431 0.040 0.050
13 0.667 0.443 0.039 0.050
13 0.686 0.456 0.040 0.050
13 0.708 0.469 0.036 0.050
13 0.727 0.479 0.036 0.048
13 0.764 0.502 0.041 0.049
13 0.792 0.508 0.041 0.054
13 0.799 0.453 0.035 0.044
13 0.781 0.442 0.036 0.044
13 0.759 0.429 0.034 0.043
13 0.741 0.417 0.034 0.039
13 0.721 0.403 0.033 0.039
13 0.699 0.393 0.026 0.036
13 0.682 0.382 0.024 0.034
13 0.668 0.364 0.036 0.041
13 0.646 0.356 0.026 0.035
13 0.629 0.344 0.029 0.037
13 0.610 0.333 0.025 0.033
13 0.590 0.321 0.028 0.037
13 0.569 0.312 0.031 0.034
13 0.608 0.229 0.041 0.054
13 0.654 0.239 0.029 0.040
13 0.674 0.249 0.026 0.033
13 0.692 0.262 0.029 0.041
13 0.712 0.278 0.029 0.037
13 0.729 0.289 0.028 0.043
13 0.754 0.299 0.029 0.035
13 0.771 0.313 0.033 0.036
13 0.793 0.321 0.021 0.034
13 0.809 0.336 0.030 0.041
13 0.829 0.351 0.037 0.044
13 0.848 0.363 0.029 0.041
13 0.866 0.374 0.035 0.044
13 0.907 0.401 0.035 0.039
13 0.640 0.106 0.070 0.062
13 0.728 0.099 0.066 0.085
13 0.974 0.029 0.045 0.055
13 0.950 0.341 0.048 0.058
13 0.879 0.307 0.039 0.037
13 0.859 0.299 0.039 0.030