11 0.836 0.519 0.104 0.129
11 0.921 0.716 0.119 0.115
11 0.957 0.937 0.086 0.084
11 0.564 0.228 0.096 0.092
11 0.196 0.511 0.129 0.074
11 0.136 0.690 0.188 0.080
13 0.429 0.406 0.019 0.028
13 0.523 0.739 0.026 0.043
13 0.654 0.794 0.028 0.061
11 0.670 0.469 0.235 0.264
11 0.403 0.104 0.056 0.083
13 0.247 0.517 0.030 0.019
13 0.215 0.676 0.035 0.052
13 0.413 0.115 0.029 0.048
13 0.529 0.235 0.026 0.022
13 0.553 0.258 0.041 0.039
13 0.729 0.366 0.029 0.019
13 0.711 0.381 0.029 0.024
13 0.689 0.414 0.031 0.030
13 0.677 0.426 0.029 0.030
13 0.662 0.435 0.031 0.030
13 0.652 0.450 0.022 0.033
13 0.642 0.466 0.034 0.035
13 0.629 0.482 0.028 0.028
13 0.612 0.492 0.039 0.039
13 0.600 0.508 0.035 0.031
13 0.583 0.524 0.035 0.036
13 0.569 0.541 0.035 0.034
13 0.729 0.451 0.029 0.026
13 0.719 0.464 0.033 0.029
13 0.707 0.478 0.036 0.034
13 0.692 0.492 0.031 0.029
13 0.685 0.506 0.037 0.034
13 0.665 0.514 0.025 0.024
13 0.657 0.536 0.035 0.030
13 0.643 0.551 0.034 0.036
13 0.632 0.568 0.036 0.034
13 0.616 0.585 0.036 0.037
13 0.796 0.539 0.028 0.029
13 0.816 0.563 0.035 0.039
13 0.892 0.759 0.039 0.037
13 0.931 0.939 0.036 0.035