11 0.561 0.476 0.126 0.695
13 0.583 0.151 0.016 0.036
13 0.612 0.168 0.021 0.061
13 0.579 0.221 0.025 0.050
13 0.569 0.333 0.025 0.060
13 0.604 0.302 0.026 0.043
13 0.595 0.419 0.020 0.051
13 0.596 0.370 0.016 0.035
13 0.546 0.409 0.016 0.049
13 0.562 0.410 0.022 0.068
13 0.589 0.483 0.026 0.069
13 0.583 0.565 0.026 0.085
13 0.548 0.561 0.021 0.055
13 0.575 0.655 0.030 0.077
13 0.597 0.657 0.024 0.060
13 0.538 0.699 0.021 0.043
13 0.562 0.718 0.020 0.040
13 0.564 0.790 0.035 0.070
13 0.526 0.789 0.025 0.051