11 0.268 0.400 0.350 0.710
11 0.736 0.384 0.341 0.654
13 0.174 0.107 0.145 0.046
13 0.355 0.106 0.130 0.041
13 0.193 0.167 0.130 0.041
13 0.359 0.166 0.150 0.051
13 0.194 0.227 0.139 0.046
13 0.361 0.227 0.149 0.051
13 0.174 0.283 0.149 0.051
13 0.347 0.284 0.129 0.041
13 0.174 0.344 0.160 0.052
13 0.356 0.340 0.142 0.048
13 0.196 0.405 0.116 0.035
13 0.344 0.401 0.129 0.049
13 0.176 0.462 0.151 0.051
13 0.356 0.461 0.151 0.051
13 0.174 0.522 0.151 0.051
13 0.356 0.519 0.151 0.051
13 0.188 0.585 0.124 0.045
13 0.350 0.579 0.115 0.043
13 0.171 0.649 0.115 0.043
13 0.348 0.644 0.136 0.049
13 0.241 0.724 0.180 0.050
13 0.833 0.092 0.125 0.035
13 0.654 0.150 0.128 0.052
13 0.823 0.156 0.133 0.039
13 0.662 0.207 0.111 0.045
13 0.820 0.261 0.138 0.051
13 0.666 0.265 0.121 0.040
13 0.649 0.323 0.149 0.050
13 0.829 0.318 0.145 0.049
13 0.667 0.379 0.102 0.040
13 0.829 0.374 0.110 0.036
13 0.645 0.435 0.125 0.040
13 0.829 0.431 0.150 0.054
13 0.644 0.547 0.146 0.045
13 0.829 0.605 0.146 0.045
13 0.676 0.683 0.175 0.054